r2ed_create_location.tga 0.000000000000 0.000000000000 0.195312500000 0.195312500000
w_radar.tga 0.195312500000 0.000000000000 0.320312500000 0.125000000000
skin_blank.tga 0.320312500000 0.000000000000 0.445312500000 0.125000000000
skin_l1_blank.tga 0.195312500000 0.125000000000 0.320312500000 0.250000000000
skin_header_m.tga 0.000000000000 0.250000000000 0.250000000000 0.281250000000
r2ed_spring.tga 0.320312500000 0.125000000000 0.398437500000 0.203125000000
r2ed_fall.tga 0.398437500000 0.125000000000 0.476562500000 0.203125000000
r2ed_summer.tga 0.320312500000 0.203125000000 0.398437500000 0.281250000000
r2ed_winter.tga 0.398437500000 0.203125000000 0.476562500000 0.281250000000
r2_forest_back.tga 0.250000000000 0.250000000000 0.312500000000 0.312500000000
r2_lakes_back.tga 0.000000000000 0.281250000000 0.062500000000 0.343750000000
r2ed_previousLocations.tga 0.062500000000 0.281250000000 0.125000000000 0.343750000000
r2ed_newLocation.tga 0.125000000000 0.281250000000 0.187500000000 0.343750000000
r2ed_strictRules.tga 0.187500000000 0.281250000000 0.250000000000 0.343750000000
r2ed_liberalRules.tga 0.312500000000 0.281250000000 0.375000000000 0.343750000000
r2_jungle_back.tga 0.375000000000 0.281250000000 0.437500000000 0.343750000000
r2_roots_back.tga 0.437500000000 0.281250000000 0.500000000000 0.343750000000
r2_desert_back.tga 0.250000000000 0.312500000000 0.312500000000 0.375000000000
r2_map_edge_arrow.tga 0.000000000000 0.375000000000 0.500000000000 0.381835937500
W_slot_jauge_3.tga 0.000000000000 0.195312500000 0.123046875000 0.220703125000
bulle_ia.tga 0.125000000000 0.195312500000 0.187500000000 0.242187500000
jauge.tga 0.000000000000 0.343750000000 0.152343750000 0.359375000000
slot_jauge.tga 0.312500000000 0.343750000000 0.464843750000 0.359375000000
w_slot_categorie.tga 0.445312500000 0.000000000000 0.492187500000 0.046875000000
w_slot_icon.tga 0.445312500000 0.046875000000 0.492187500000 0.093750000000
r2_main_menu_full.tga 0.152343750000 0.343750000000 0.218750000000 0.375000000000
r2_main_menu_full_over.tga 0.000000000000 0.382812500000 0.066406250000 0.414062500000
r2_main_menu_full_pushed.tga 0.066406250000 0.382812500000 0.132812500000 0.414062500000
item_selection.tga 0.132812500000 0.382812500000 0.177734375000 0.427734375000
skin_m_open.tga 0.476562500000 0.093750000000 0.492187500000 0.218750000000
jauge_action.tga 0.000000000000 0.222656250000 0.089843750000 0.242187500000
slot_jauge_action.tga 0.179687500000 0.382812500000 0.269531250000 0.402343750000
W_slot_item_selected.tga 0.269531250000 0.382812500000 0.310546875000 0.423828125000
W_slot_item.tga 0.312500000000 0.382812500000 0.353515625000 0.423828125000
r2ed_tool_draw_road_pushed.tga 0.355468750000 0.382812500000 0.398437500000 0.420898437500
r2ed_tool_freeze_object.tga 0.398437500000 0.382812500000 0.441406250000 0.420898437500
r2ed_tool_freeze_object_over.tga 0.441406250000 0.382812500000 0.484375000000 0.420898437500
r2ed_tool_freeze_object_pushed.tga 0.179687500000 0.402343750000 0.222656250000 0.440429687500
r2ed_tool_go_test.tga 0.222656250000 0.402343750000 0.265625000000 0.440429687500
r2ed_tool_go_test_over.tga 0.000000000000 0.414062500000 0.042968750000 0.452148437500
r2ed_tool_go_test_pushed.tga 0.042968750000 0.414062500000 0.085937500000 0.452148437500
r2ed_tool_map_window.tga 0.085937500000 0.414062500000 0.128906250000 0.452148437500
r2ed_tool_map_window_over.tga 0.355468750000 0.421875000000 0.398437500000 0.459960937500
r2ed_tool_map_window_pushed.tga 0.398437500000 0.421875000000 0.441406250000 0.459960937500
r2ed_tool_palette_window_over.tga 0.441406250000 0.421875000000 0.484375000000 0.459960937500
r2ed_tool_palette_window_pushed.tga 0.265625000000 0.425781250000 0.308593750000 0.463867187500
r2ed_tool_paste.tga 0.308593750000 0.425781250000 0.351562500000 0.463867187500
r2ed_tool_paste_over.tga 0.128906250000 0.429687500000 0.171875000000 0.467773437500
r2ed_tool_paste_pushed.tga 0.171875000000 0.441406250000 0.214843750000 0.479492187500
r2ed_tool_pick.tga 0.214843750000 0.441406250000 0.257812500000 0.479492187500
r2ed_tool_prim_display_mode.tga 0.000000000000 0.453125000000 0.042968750000 0.491210937500
r2ed_tool_prim_display_mode_over.tga 0.042968750000 0.453125000000 0.085937500000 0.491210937500
r2ed_tool_prim_display_mode_pushed.tga 0.085937500000 0.453125000000 0.128906250000 0.491210937500
r2ed_tool_redo.tga 0.351562500000 0.460937500000 0.394531250000 0.499023437500
r2ed_tool_redo_disabled.tga 0.394531250000 0.460937500000 0.437500000000 0.499023437500
r2ed_tool_redo_over.tga 0.437500000000 0.460937500000 0.480468750000 0.499023437500
r2ed_tool_redo_pushed.tga 0.492187500000 0.000000000000 0.535156250000 0.038085937500
r2ed_tool_rotate.tga 0.535156250000 0.000000000000 0.578125000000 0.038085937500
r2ed_tool_rotate_pushed.tga 0.578125000000 0.000000000000 0.621093750000 0.038085937500
r2ed_tool_rotating.tga 0.621093750000 0.000000000000 0.664062500000 0.038085937500
r2ed_tool_scenario_window.tga 0.664062500000 0.000000000000 0.707031250000 0.038085937500
r2ed_tool_scenario_window_over.tga 0.707031250000 0.000000000000 0.750000000000 0.038085937500
r2ed_tool_scenario_window_pushed.tga 0.750000000000 0.000000000000 0.792968750000 0.038085937500
r2ed_tool_select.tga 0.792968750000 0.000000000000 0.835937500000 0.038085937500
r2ed_tool_select_move.tga 0.835937500000 0.000000000000 0.878906250000 0.038085937500
r2ed_tool_select_move_over.tga 0.878906250000 0.000000000000 0.921875000000 0.038085937500
r2ed_tool_select_move_pushed.tga 0.921875000000 0.000000000000 0.964843750000 0.038085937500
r2ed_tool_select_over.tga 0.492187500000 0.039062500000 0.535156250000 0.077148437500
r2ed_tool_select_pushed.tga 0.535156250000 0.039062500000 0.578125000000 0.077148437500
r2ed_tool_start.tga 0.578125000000 0.039062500000 0.621093750000 0.077148437500
r2ed_tool_start_over.tga 0.621093750000 0.039062500000 0.664062500000 0.077148437500
r2ed_tool_start_pushed.tga 0.664062500000 0.039062500000 0.707031250000 0.077148437500
r2ed_tool_stop_over.tga 0.707031250000 0.039062500000 0.750000000000 0.077148437500
r2ed_tool_stop_pushed.tga 0.750000000000 0.039062500000 0.792968750000 0.077148437500
r2ed_tool_teleport.tga 0.792968750000 0.039062500000 0.835937500000 0.077148437500
r2ed_tool_teleport_over.tga 0.835937500000 0.039062500000 0.878906250000 0.077148437500
r2ed_tool_teleport_pushed.tga 0.878906250000 0.039062500000 0.921875000000 0.077148437500
r2ed_tool_undo.tga 0.921875000000 0.039062500000 0.964843750000 0.077148437500
r2ed_tool_undo_disabled.tga 0.492187500000 0.078125000000 0.535156250000 0.116210937500
r2ed_tool_undo_over.tga 0.535156250000 0.078125000000 0.578125000000 0.116210937500
r2ed_tool_undo_pushed.tga 0.578125000000 0.078125000000 0.621093750000 0.116210937500
r2ed_tool_unfreeze_object.tga 0.621093750000 0.078125000000 0.664062500000 0.116210937500
r2ed_tool_unfreeze_object_over.tga 0.664062500000 0.078125000000 0.707031250000 0.116210937500
r2ed_tool_unfreeze_object_pushed.tga 0.707031250000 0.078125000000 0.750000000000 0.116210937500
curs_scale.tga 0.750000000000 0.078125000000 0.792968750000 0.116210937500
curs_stop.tga 0.792968750000 0.078125000000 0.835937500000 0.116210937500
r2ed_feature_kitins_lair.tga 0.835937500000 0.078125000000 0.878906250000 0.116210937500
r2ed_feature_kitins_lair_over.tga 0.878906250000 0.078125000000 0.921875000000 0.116210937500
r2ed_tool_can_pick.tga 0.921875000000 0.078125000000 0.964843750000 0.116210937500
r2ed_tool_can_rotate.tga 0.492187500000 0.117187500000 0.535156250000 0.155273437500
r2ed_tool_can_rotate_over.tga 0.535156250000 0.117187500000 0.578125000000 0.155273437500
r2ed_tool_can_rotate_pushed.tga 0.578125000000 0.117187500000 0.621093750000 0.155273437500
r2ed_tool_copy.tga 0.621093750000 0.117187500000 0.664062500000 0.155273437500
r2ed_tool_copy_over.tga 0.664062500000 0.117187500000 0.707031250000 0.155273437500
r2ed_tool_copy_pushed.tga 0.707031250000 0.117187500000 0.750000000000 0.155273437500
r2ed_tool_display_mode.tga 0.750000000000 0.117187500000 0.792968750000 0.155273437500
r2ed_tool_display_mode_over.tga 0.792968750000 0.117187500000 0.835937500000 0.155273437500
r2ed_tool_display_mode_pushed.tga 0.835937500000 0.117187500000 0.878906250000 0.155273437500
r2_hand_can_pan.tga 0.878906250000 0.117187500000 0.921875000000 0.155273437500
r2_hand_pan.tga 0.921875000000 0.117187500000 0.964843750000 0.155273437500
r2_icon_dm_mode.tga 0.492187500000 0.156250000000 0.535156250000 0.194335937500
r2_icon_dm_mode_over.tga 0.535156250000 0.156250000000 0.578125000000 0.194335937500
r2ed_feature_kitins_lair_pushed.tga 0.578125000000 0.156250000000 0.621093750000 0.194335937500
r2_stop_live_pushed.tga 0.621093750000 0.156250000000 0.664062500000 0.194335937500
curs_create.tga 0.664062500000 0.156250000000 0.707031250000 0.194335937500
curs_create_multi.tga 0.707031250000 0.156250000000 0.750000000000 0.194335937500
curs_create_vertex_invalid.tga 0.750000000000 0.156250000000 0.792968750000 0.194335937500
curs_default.tga 0.792968750000 0.156250000000 0.835937500000 0.194335937500
curs_dup.tga 0.835937500000 0.156250000000 0.878906250000 0.194335937500
curs_pan.tga 0.878906250000 0.156250000000 0.921875000000 0.194335937500
curs_pan_dup.tga 0.921875000000 0.156250000000 0.964843750000 0.194335937500
curs_pick.tga 0.492187500000 0.195312500000 0.535156250000 0.233398437500
curs_pick_dup.tga 0.535156250000 0.195312500000 0.578125000000 0.233398437500
curs_resize_bl_tr.tga 0.578125000000 0.195312500000 0.621093750000 0.233398437500
curs_resize_br_tl.tga 0.621093750000 0.195312500000 0.664062500000 0.233398437500
curs_resize_lr.tga 0.664062500000 0.195312500000 0.707031250000 0.233398437500
curs_resize_tb.tga 0.707031250000 0.195312500000 0.750000000000 0.233398437500
r2_player_admin.tga 0.750000000000 0.195312500000 0.792968750000 0.233398437500
r2_player_admin_over.tga 0.792968750000 0.195312500000 0.835937500000 0.233398437500
r2_player_admin_pushed.tga 0.835937500000 0.195312500000 0.878906250000 0.233398437500
r2ed_feature_loot_spawner.tga 0.878906250000 0.195312500000 0.921875000000 0.233398437500
r2_scenario_admin.tga 0.921875000000 0.195312500000 0.964843750000 0.233398437500
r2_scenario_admin_over.tga 0.476562500000 0.234375000000 0.519531250000 0.272460937500
r2_scenario_admin_pushed.tga 0.519531250000 0.234375000000 0.562500000000 0.272460937500
r2ed_feature_loot_spawner_over.tga 0.562500000000 0.234375000000 0.605468750000 0.272460937500
r2ed_feature_loot_spawner_pushed.tga 0.605468750000 0.234375000000 0.648437500000 0.272460937500
r2ed_feature_timer.tga 0.648437500000 0.234375000000 0.691406250000 0.272460937500
r2ed_feature_timer_over.tga 0.691406250000 0.234375000000 0.734375000000 0.272460937500
r2ed_feature_timer_pushed.tga 0.734375000000 0.234375000000 0.777343750000 0.272460937500
r2ed_tool_stop.tga 0.777343750000 0.234375000000 0.820312500000 0.272460937500
r2ed_feature_fauna_pushed.tga 0.820312500000 0.234375000000 0.863281250000 0.272460937500
r2ed_feature_fauna_system.tga 0.863281250000 0.234375000000 0.906250000000 0.272460937500
curs_can_pan.tga 0.906250000000 0.234375000000 0.949218750000 0.272460937500
r2ed_feature_fauna_system_over.tga 0.949218750000 0.234375000000 0.992187500000 0.272460937500
r2_icon_dm_mode_pushed.tga 0.500000000000 0.273437500000 0.542968750000 0.311523437500
curs_can_pan_dup.tga 0.542968750000 0.273437500000 0.585937500000 0.311523437500
r2_stop_live_over.tga 0.585937500000 0.273437500000 0.628906250000 0.311523437500
curs_rotate.tga 0.628906250000 0.273437500000 0.671875000000 0.311523437500
r2ed_feature_fauna_over.tga 0.671875000000 0.273437500000 0.714843750000 0.311523437500
r2ed_feature_fauna_system_pushed.tga 0.714843750000 0.273437500000 0.757812500000 0.311523437500
r2ed_feature_bandit_camp.tga 0.757812500000 0.273437500000 0.800781250000 0.311523437500
r2ed_feature_bandit_camp_over.tga 0.800781250000 0.273437500000 0.843750000000 0.311523437500
r2ed_feature_bandit_camp_pushed.tga 0.843750000000 0.273437500000 0.886718750000 0.311523437500
r2ed_feature_fauna.tga 0.886718750000 0.273437500000 0.929687500000 0.311523437500
r2ed_tool_draw_region.tga 0.929687500000 0.273437500000 0.972656250000 0.311523437500
r2_stop_live.tga 0.500000000000 0.312500000000 0.542968750000 0.350585937500
r2ed_create_dialog.tga 0.542968750000 0.312500000000 0.585937500000 0.350585937500
r2ed_create_dialog_over.tga 0.585937500000 0.312500000000 0.628906250000 0.350585937500
r2ed_create_dialog_pushed.tga 0.628906250000 0.312500000000 0.671875000000 0.350585937500
r2ed_tool_palette_window.tga 0.671875000000 0.312500000000 0.714843750000 0.350585937500
r2ed_tool_rotate_over.tga 0.714843750000 0.312500000000 0.757812500000 0.350585937500
r2ed_tool_draw_region_over.tga 0.757812500000 0.312500000000 0.800781250000 0.350585937500
r2ed_tool_draw_region_pushed.tga 0.800781250000 0.312500000000 0.843750000000 0.350585937500
r2ed_tool_draw_road.tga 0.843750000000 0.312500000000 0.886718750000 0.350585937500
r2ed_tool_draw_road_over.tga 0.886718750000 0.312500000000 0.929687500000 0.350585937500
w_ar_gilet.tga 0.929687500000 0.312500000000 0.968750000000 0.351562500000
w_ar_hand.tga 0.500000000000 0.351562500000 0.539062500000 0.390625000000
w_ar_helmet.tga 0.539062500000 0.351562500000 0.578125000000 0.390625000000
hand_left.tga 0.578125000000 0.351562500000 0.617187500000 0.390625000000
hand_right.tga 0.617187500000 0.351562500000 0.656250000000 0.390625000000
sapload.tga 0.656250000000 0.351562500000 0.695312500000 0.390625000000
w_ar_pantabotte.tga 0.695312500000 0.351562500000 0.734375000000 0.390625000000
w_ar_armpad.tga 0.734375000000 0.351562500000 0.773437500000 0.390625000000
w_ar_botte.tga 0.773437500000 0.351562500000 0.812500000000 0.390625000000
skin_l2.tga 0.992187500000 0.000000000000 0.998046875000 0.250000000000
r2_map_edge_stipple.tga 0.484375000000 0.390625000000 0.984375000000 0.393554687500
r2_main_bl.tga 0.812500000000 0.351562500000 0.851562500000 0.383789062500
W_slot_jauge_1.tga 0.851562500000 0.351562500000 0.974609375000 0.361328125000
w_slot_blason.tga 0.484375000000 0.394531250000 0.517578125000 0.427734375000
w_slot_blason_over.tga 0.519531250000 0.394531250000 0.552734375000 0.427734375000
w_header_l.tga 0.851562500000 0.363281250000 0.898437500000 0.386718750000
bg_source_mid.tga 0.000000000000 0.242187500000 0.148437500000 0.249023437500
r2_icon_weather_pushed.tga 0.445312500000 0.093750000000 0.476562500000 0.125000000000
Skin_scroll_H.tga 0.000000000000 0.359375000000 0.125000000000 0.367187500000
skin_scroll_m.tga 0.964843750000 0.000000000000 0.972656250000 0.125000000000
r2_toolbar_customize_look.tga 0.968750000000 0.312500000000 1.000000000000 0.343750000000
r2_toolbar_customize_look_over.tga 0.218750000000 0.343750000000 0.250000000000 0.375000000000
r2_toolbar_kill.tga 0.464843750000 0.343750000000 0.496093750000 0.375000000000
r2_toolbar_kill_over.tga 0.554687500000 0.394531250000 0.585937500000 0.425781250000
r2_toolbar_kill_pushed.tga 0.585937500000 0.394531250000 0.617187500000 0.425781250000
r2_toolbar_patrol_road.tga 0.617187500000 0.394531250000 0.648437500000 0.425781250000
r2_toolbar_patrol_road_over.tga 0.648437500000 0.394531250000 0.679687500000 0.425781250000
r2_toolbar_patrol_road_pushed.tga 0.679687500000 0.394531250000 0.710937500000 0.425781250000
r2_toolbar_properties.tga 0.710937500000 0.394531250000 0.742187500000 0.425781250000
r2_toolbar_properties_over.tga 0.742187500000 0.394531250000 0.773437500000 0.425781250000
r2_toolbar_properties_pushed.tga 0.773437500000 0.394531250000 0.804687500000 0.425781250000
r2_toolbar_repeat_road.tga 0.804687500000 0.394531250000 0.835937500000 0.425781250000
r2_toolbar_repeat_road_over.tga 0.835937500000 0.394531250000 0.867187500000 0.425781250000
r2_toolbar_repeat_road_pushed.tga 0.867187500000 0.394531250000 0.898437500000 0.425781250000
r2_toolbar_set_as_leader.tga 0.898437500000 0.394531250000 0.929687500000 0.425781250000
r2_toolbar_set_as_leader_over.tga 0.929687500000 0.394531250000 0.960937500000 0.425781250000
r2_toolbar_stand_still.tga 0.960937500000 0.394531250000 0.992187500000 0.425781250000
r2_toolbar_stand_still_over.tga 0.554687500000 0.425781250000 0.585937500000 0.457031250000
r2_toolbar_stand_still_pushed.tga 0.585937500000 0.425781250000 0.617187500000 0.457031250000
r2_toolbar_ungroup.tga 0.617187500000 0.425781250000 0.648437500000 0.457031250000
r2_toolbar_ungroup_over.tga 0.648437500000 0.425781250000 0.679687500000 0.457031250000
r2_toolbar_ungroup_pushed.tga 0.679687500000 0.425781250000 0.710937500000 0.457031250000
r2_toolbar_wander_zone.tga 0.710937500000 0.425781250000 0.742187500000 0.457031250000
r2_toolbar_wander_zone_over.tga 0.742187500000 0.425781250000 0.773437500000 0.457031250000
r2_toolbar_wander_zone_pushed.tga 0.773437500000 0.425781250000 0.804687500000 0.457031250000
r2ed_toolbar_hunt_zone.tga 0.804687500000 0.425781250000 0.835937500000 0.457031250000
r2ed_toolbar_hunt_zone_over.tga 0.835937500000 0.425781250000 0.867187500000 0.457031250000
r2ed_toolbar_hunt_zone_pushed.tga 0.867187500000 0.425781250000 0.898437500000 0.457031250000
r2ed_toolbar_lock.tga 0.898437500000 0.425781250000 0.929687500000 0.457031250000
r2ed_toolbar_lock_over.tga 0.929687500000 0.425781250000 0.960937500000 0.457031250000
curs_l.tga 0.960937500000 0.425781250000 0.992187500000 0.457031250000
curs_L_no_mouse.tga 0.484375000000 0.429687500000 0.515625000000 0.460937500000
r2ed_toolbar_lock_pushed.tga 0.515625000000 0.429687500000 0.546875000000 0.460937500000
r2ed_toolbar_rest_zone.tga 0.546875000000 0.457031250000 0.578125000000 0.488281250000
r2ed_toolbar_rest_zone_over.tga 0.578125000000 0.457031250000 0.609375000000 0.488281250000
r2ed_toolbar_rest_zone_pushed.tga 0.609375000000 0.457031250000 0.640625000000 0.488281250000
curs_r.tga 0.640625000000 0.457031250000 0.671875000000 0.488281250000
r2ed_toolbar_show.tga 0.671875000000 0.457031250000 0.703125000000 0.488281250000
r2ed_toolbar_show_over.tga 0.703125000000 0.457031250000 0.734375000000 0.488281250000
r2ed_toolbar_show_pushed.tga 0.734375000000 0.457031250000 0.765625000000 0.488281250000
r2ed_toolbar_unfreeze.tga 0.765625000000 0.457031250000 0.796875000000 0.488281250000
r2ed_current_act_content_over.tga 0.796875000000 0.457031250000 0.828125000000 0.488281250000
r2ed_current_act_content_pushed.tga 0.828125000000 0.457031250000 0.859375000000 0.488281250000
r2ed_edit_dialog.tga 0.859375000000 0.457031250000 0.890625000000 0.488281250000
r2ed_edit_dialog_over.tga 0.890625000000 0.457031250000 0.921875000000 0.488281250000
r2ed_edit_dialog_pushed.tga 0.921875000000 0.457031250000 0.953125000000 0.488281250000
r2_icon_possess.tga 0.953125000000 0.457031250000 0.984375000000 0.488281250000
r2_icon_possess_over.tga 0.480468750000 0.460937500000 0.511718750000 0.492187500000
r2_icon_possess_pushed.tga 0.511718750000 0.460937500000 0.542968750000 0.492187500000
r2_icon_speak_as.tga 0.257812500000 0.464843750000 0.289062500000 0.496093750000
r2_icon_speak_as_over.tga 0.289062500000 0.464843750000 0.320312500000 0.496093750000
r2_icon_speak_as_pushed.tga 0.320312500000 0.464843750000 0.351562500000 0.496093750000
r2ed_toolbar_unfreeze_over.tga 0.128906250000 0.468750000000 0.160156250000 0.500000000000
r2ed_toolbar_unlock.tga 0.160156250000 0.480468750000 0.191406250000 0.511718750000
r2ed_toolbar_unlock_over.tga 0.191406250000 0.480468750000 0.222656250000 0.511718750000
r2ed_toolbar_unlock_pushed.tga 0.222656250000 0.480468750000 0.253906250000 0.511718750000
r2_scenario.tga 0.542968750000 0.488281250000 0.574218750000 0.519531250000
r2ed_toolbar_work_zone.tga 0.574218750000 0.488281250000 0.605468750000 0.519531250000
r2ed_toolbar_work_zone_over.tga 0.605468750000 0.488281250000 0.636718750000 0.519531250000
r2ed_toolbar_work_zone_pushed.tga 0.636718750000 0.488281250000 0.667968750000 0.519531250000
r2ed_tool_new_vertex.tga 0.667968750000 0.488281250000 0.699218750000 0.519531250000
r2ed_tool_new_vertex_over.tga 0.699218750000 0.488281250000 0.730468750000 0.519531250000
ia_surpris.tga 0.730468750000 0.488281250000 0.761718750000 0.519531250000
r2ed_tool_new_vertex_pushed.tga 0.761718750000 0.488281250000 0.792968750000 0.519531250000
r2ed_permanent_content.tga 0.792968750000 0.488281250000 0.824218750000 0.519531250000
r2ed_permanent_content_over.tga 0.824218750000 0.488281250000 0.855468750000 0.519531250000
r2ed_toolbar_hide_pushed.tga 0.855468750000 0.488281250000 0.886718750000 0.519531250000
r2ed_toolbar_unfreeze_pushed.tga 0.886718750000 0.488281250000 0.917968750000 0.519531250000
r2ed_permanent_content_pushed.tga 0.917968750000 0.488281250000 0.949218750000 0.519531250000
r2ed_current_act_content.tga 0.949218750000 0.488281250000 0.980468750000 0.519531250000
skin_l.tga 0.972656250000 0.000000000000 0.980468750000 0.125000000000
r2_frustum.tga 0.000000000000 0.492187500000 0.031250000000 0.523437500000
r2ed_toolbar_feed_zone.tga 0.031250000000 0.492187500000 0.062500000000 0.523437500000
r2ed_toolbar_feed_zone_over.tga 0.062500000000 0.492187500000 0.093750000000 0.523437500000
r2ed_toolbar_feed_zone_pushed.tga 0.093750000000 0.492187500000 0.125000000000 0.523437500000
r2ed_toolbar_freeze.tga 0.480468750000 0.492187500000 0.511718750000 0.523437500000
r2ed_toolbar_freeze_over.tga 0.511718750000 0.492187500000 0.542968750000 0.523437500000
r2ed_toolbar_freeze_pushed.tga 0.253906250000 0.496093750000 0.285156250000 0.527343750000
r2ed_toolbar_guard_zone.tga 0.285156250000 0.496093750000 0.316406250000 0.527343750000
r2ed_toolbar_guard_zone_over.tga 0.316406250000 0.496093750000 0.347656250000 0.527343750000
r2ed_toolbar_guard_zone_pushed.tga 0.125000000000 0.500000000000 0.156250000000 0.531250000000
r2ed_toolbar_hide.tga 0.347656250000 0.500000000000 0.378906250000 0.531250000000
r2ed_toolbar_hide_over.tga 0.378906250000 0.500000000000 0.410156250000 0.531250000000
r2ed_tool_extend_prim.tga 0.410156250000 0.500000000000 0.441406250000 0.531250000000
r2ed_tool_extend_prim_over.tga 0.441406250000 0.500000000000 0.472656250000 0.531250000000
r2_icon_acts.tga 0.156250000000 0.511718750000 0.187500000000 0.542968750000
r2_icon_animation_triggers.tga 0.187500000000 0.511718750000 0.218750000000 0.542968750000
r2_icon_acts_over.tga 0.218750000000 0.511718750000 0.250000000000 0.542968750000
r2_icon_stop_acts.tga 0.542968750000 0.519531250000 0.574218750000 0.550781250000
r2_icon_acts_pushed.tga 0.574218750000 0.519531250000 0.605468750000 0.550781250000
r2_icon_add_hp.tga 0.605468750000 0.519531250000 0.636718750000 0.550781250000
r2_toolbar_customize_look_pushed.tga 0.636718750000 0.519531250000 0.667968750000 0.550781250000
r2_toolbar_group_pushed.tga 0.667968750000 0.519531250000 0.699218750000 0.550781250000
r2_toolbar_set_as_leader_pushed.tga 0.699218750000 0.519531250000 0.730468750000 0.550781250000
r2_icon_add_hp_over.tga 0.730468750000 0.519531250000 0.761718750000 0.550781250000
r2_icon_add_hp_pushed.tga 0.761718750000 0.519531250000 0.792968750000 0.550781250000
skin_b.tga 0.312500000000 0.359375000000 0.437500000000 0.367187500000
r2_icon_animation_give.tga 0.792968750000 0.519531250000 0.824218750000 0.550781250000
skin_b_open.tga 0.000000000000 0.367187500000 0.125000000000 0.375000000000
skin_em_open.tga 0.312500000000 0.367187500000 0.437500000000 0.375000000000
r2ed_edit_events.tga 0.824218750000 0.519531250000 0.855468750000 0.550781250000
r2ed_edit_events_over.tga 0.855468750000 0.519531250000 0.886718750000 0.550781250000
r2ed_edit_events_pushed.tga 0.886718750000 0.519531250000 0.917968750000 0.550781250000
r2_icon_animation_give_over.tga 0.917968750000 0.519531250000 0.949218750000 0.550781250000
r2_icon_animation_give_pushed.tga 0.949218750000 0.519531250000 0.980468750000 0.550781250000
r2_icon_animation_target.tga 0.000000000000 0.523437500000 0.031250000000 0.554687500000
r2_icon_animation_target_over.tga 0.031250000000 0.523437500000 0.062500000000 0.554687500000
r2_icon_animation_target_pushed.tga 0.062500000000 0.523437500000 0.093750000000 0.554687500000
r2ed_icon_stop.tga 0.093750000000 0.523437500000 0.125000000000 0.554687500000
r2_icon_animation_triggers_over.tga 0.472656250000 0.523437500000 0.503906250000 0.554687500000
r2_icon_animation_triggers_pushed.tga 0.503906250000 0.523437500000 0.535156250000 0.554687500000
r2_icon_despawn.tga 0.250000000000 0.527343750000 0.281250000000 0.558593750000
r2_icon_despawn_over.tga 0.281250000000 0.527343750000 0.312500000000 0.558593750000
r2_icon_despawn_pushed.tga 0.312500000000 0.527343750000 0.343750000000 0.558593750000
r2ed_tool_extend_prim_pushed.tga 0.125000000000 0.531250000000 0.156250000000 0.562500000000
r2_toolbar_customize_over.tga 0.343750000000 0.531250000000 0.375000000000 0.562500000000
r2_toolbar_customize_pushed.tga 0.375000000000 0.531250000000 0.406250000000 0.562500000000
r2_toolbar_delete.tga 0.406250000000 0.531250000000 0.437500000000 0.562500000000
r2_toolbar_delete_over.tga 0.437500000000 0.531250000000 0.468750000000 0.562500000000
r2_toolbar_delete_pushed.tga 0.156250000000 0.542968750000 0.187500000000 0.574218750000
r2_toolbar_follow_road.tga 0.187500000000 0.542968750000 0.218750000000 0.574218750000
r2_toolbar_follow_road_over.tga 0.218750000000 0.542968750000 0.250000000000 0.574218750000
r2_toolbar_follow_road_pushed.tga 0.535156250000 0.550781250000 0.566406250000 0.582031250000
r2_toolbar_group.tga 0.566406250000 0.550781250000 0.597656250000 0.582031250000
r2_toolbar_group_over.tga 0.597656250000 0.550781250000 0.628906250000 0.582031250000
skin_r.tga 0.980468750000 0.000000000000 0.988281250000 0.125000000000
r2_icon_stop_acts_over.tga 0.628906250000 0.550781250000 0.660156250000 0.582031250000
r2_icon_stop_acts_pushed.tga 0.660156250000 0.550781250000 0.691406250000 0.582031250000
r2_icon_stop_possess.tga 0.691406250000 0.550781250000 0.722656250000 0.582031250000
r2_icon_stop_possess_over.tga 0.722656250000 0.550781250000 0.753906250000 0.582031250000
r2_icon_stop_possess_pushed.tga 0.753906250000 0.550781250000 0.785156250000 0.582031250000
r2_icon_stop_speak.tga 0.785156250000 0.550781250000 0.816406250000 0.582031250000
r2_icon_stop_speak_over.tga 0.816406250000 0.550781250000 0.847656250000 0.582031250000
building_state1.tga 0.847656250000 0.550781250000 0.878906250000 0.582031250000
building_state2.tga 0.878906250000 0.550781250000 0.910156250000 0.582031250000
r2_icon_stop_speak_pushed.tga 0.910156250000 0.550781250000 0.941406250000 0.582031250000
skin_t.tga 0.000000000000 0.554687500000 0.125000000000 0.562500000000
r2_icon_test_mode.tga 0.941406250000 0.550781250000 0.972656250000 0.582031250000
r2_icon_test_mode_over.tga 0.468750000000 0.554687500000 0.500000000000 0.585937500000
r2_icon_test_mode_pushed.tga 0.500000000000 0.554687500000 0.531250000000 0.585937500000
r2_icon_weather.tga 0.250000000000 0.558593750000 0.281250000000 0.589843750000
r2_allow.tga 0.281250000000 0.558593750000 0.312500000000 0.589843750000
r2_icon_weather_over.tga 0.312500000000 0.558593750000 0.343750000000 0.589843750000
r2ed_storm.tga 0.898437500000 0.363281250000 0.937500000000 0.386718750000
r2ed_clouds.tga 0.937500000000 0.363281250000 0.976562500000 0.386718750000
bg_jauge_mid.tga 0.000000000000 0.562500000000 0.125000000000 0.569335937500
r2ed_lakes_l.tga 0.964843750000 0.125000000000 0.992187500000 0.156250000000
r2ed_lakes_pushed_l.tga 0.964843750000 0.156250000000 0.992187500000 0.187500000000
r2ed_jungle_l.tga 0.964843750000 0.187500000000 0.991210937500 0.218750000000
r2ed_jungle_pushed_l.tga 0.972656250000 0.273437500000 0.999023437500 0.304687500000
skin_header_r.tga 0.972656250000 0.550781250000 0.998046875000 0.582031250000
r2ed_prime_roots_l.tga 0.125000000000 0.562500000000 0.150390625000 0.593750000000
r2ed_desert_l.tga 0.343750000000 0.562500000000 0.369140625000 0.593750000000
r2ed_desert_pushed_l.tga 0.371093750000 0.562500000000 0.396484375000 0.593750000000
r2ed_prime_roots_pushed_l.tga 0.398437500000 0.562500000000 0.423828125000 0.593750000000
W_trade_not_ready.tga 0.425781250000 0.562500000000 0.464843750000 0.582031250000
slot_brick.tga 0.000000000000 0.570312500000 0.027343750000 0.597656250000
disconnect.tga 0.027343750000 0.570312500000 0.054687500000 0.597656250000
W_button_28_over.tga 0.054687500000 0.570312500000 0.082031250000 0.597656250000
w_button_mode_over2.tga 0.082031250000 0.570312500000 0.109375000000 0.597656250000
r2_tab_sequence_pushed_l.tga 0.152343750000 0.574218750000 0.179687500000 0.601562500000
r2_tab_wide_normal_l.tga 0.179687500000 0.574218750000 0.207031250000 0.601562500000
r2_tab_wide_pushed_l.tga 0.207031250000 0.574218750000 0.234375000000 0.601562500000
action_balance_cred.tga 0.425781250000 0.582031250000 0.457031250000 0.605468750000
bulle_say_l.tga 0.531250000000 0.582031250000 0.562500000000 0.605468750000
bulle_say_r.tga 0.562500000000 0.582031250000 0.593750000000 0.605468750000
bulle_say_tl.tga 0.593750000000 0.582031250000 0.625000000000 0.605468750000
bulle_say_tr.tga 0.625000000000 0.582031250000 0.656250000000 0.605468750000
bulle_think_l.tga 0.656250000000 0.582031250000 0.687500000000 0.605468750000
bulle_think_r.tga 0.687500000000 0.582031250000 0.718750000000 0.605468750000
W_slot_jauge_3_mini.tga 0.718750000000 0.582031250000 0.781250000000 0.593750000000
action_balance_equal.tga 0.781250000000 0.582031250000 0.812500000000 0.605468750000
action_balance_cost.tga 0.812500000000 0.582031250000 0.843750000000 0.605468750000
skill_arbo_x_extend.tga 0.976562500000 0.343750000000 1.000000000000 0.375000000000
bg_source_bot.tga 0.843750000000 0.582031250000 0.992187500000 0.586914062500
w_slot_jauge_1_tmin.tga 0.457031250000 0.585937500000 0.515625000000 0.597656250000
r2_main_menu_normal_l.tga 0.234375000000 0.589843750000 0.255859375000 0.621093750000
r2_main_menu_normal_r.tga 0.257812500000 0.589843750000 0.279296875000 0.621093750000
r2_main_menu_over_l.tga 0.281250000000 0.589843750000 0.302734375000 0.621093750000
r2_main_menu_over_r.tga 0.304687500000 0.589843750000 0.326171875000 0.621093750000
r2_main_menu_pushed_l.tga 0.843750000000 0.589843750000 0.865234375000 0.621093750000
r2_main_menu_pushed_r.tga 0.867187500000 0.589843750000 0.888671875000 0.621093750000
action_next.tga 0.890625000000 0.589843750000 0.916015625000 0.615234375000
W_slot_spell_selected.tga 0.917968750000 0.589843750000 0.943359375000 0.615234375000
w_slot_win_menu.tga 0.945312500000 0.589843750000 0.970703125000 0.615234375000
W_slot_brick_selected.tga 0.972656250000 0.589843750000 0.998046875000 0.615234375000
W_slot_spell_over.tga 0.109375000000 0.593750000000 0.134765625000 0.619140625000
W_slot_brick.tga 0.328125000000 0.593750000000 0.353515625000 0.619140625000
action_cycle.tga 0.355468750000 0.593750000000 0.380859375000 0.619140625000
W_slot_spell.tga 0.382812500000 0.593750000000 0.408203125000 0.619140625000
r2ed_forest_pushed_l.tga 0.718750000000 0.593750000000 0.739257812500 0.625000000000
r2ed_forest_l.tga 0.742187500000 0.593750000000 0.762695312500 0.625000000000
bg_jauge_bot.tga 0.410156250000 0.605468750000 0.535156250000 0.610351562500
bg_source_top.tga 0.812500000000 0.386718750000 0.960937500000 0.390625000000
TB_quit.tga 0.000000000000 0.597656250000 0.023437500000 0.621093750000
TB_spellbook.tga 0.023437500000 0.597656250000 0.046875000000 0.621093750000
TB_System.tga 0.046875000000 0.597656250000 0.070312500000 0.621093750000
teammate_map.tga 0.070312500000 0.597656250000 0.093750000000 0.621093750000
teammate_map_over.tga 0.136718750000 0.601562500000 0.160156250000 0.625000000000
r2_palette_act.tga 0.160156250000 0.601562500000 0.183593750000 0.625000000000
r2_palette_components.tga 0.183593750000 0.601562500000 0.207031250000 0.625000000000
r2_palette_entities.tga 0.207031250000 0.601562500000 0.230468750000 0.625000000000
r2_icon_stop_live_small.tga 0.535156250000 0.605468750000 0.558593750000 0.628906250000
r2ed_down_element.tga 0.558593750000 0.605468750000 0.582031250000 0.628906250000
r2ed_toolbar_lock_small.tga 0.582031250000 0.605468750000 0.605468750000 0.628906250000
ency_rite_slot.tga 0.605468750000 0.605468750000 0.628906250000 0.628906250000
r2ed_edit_dialog_over_small.tga 0.628906250000 0.605468750000 0.652343750000 0.628906250000
r2_toolbar_repeat_road_small.tga 0.652343750000 0.605468750000 0.675781250000 0.628906250000
r2ed_edit_dialog_pushed_small.tga 0.675781250000 0.605468750000 0.699218750000 0.628906250000
r2_icon_new_scenario_small.tga 0.765625000000 0.605468750000 0.789062500000 0.628906250000
r2_icon_palette_small.tga 0.789062500000 0.605468750000 0.812500000000 0.628906250000
r2_icon_player_admin_small.tga 0.812500000000 0.605468750000 0.835937500000 0.628906250000
forage_content.tga 0.410156250000 0.613281250000 0.433593750000 0.636718750000
r2_icon_map_small.tga 0.433593750000 0.613281250000 0.457031250000 0.636718750000
forage_danger.tga 0.457031250000 0.613281250000 0.480468750000 0.636718750000
r2_toolbar_set_as_leader_small.tga 0.480468750000 0.613281250000 0.503906250000 0.636718750000
r2_palette_objets.tga 0.503906250000 0.613281250000 0.527343750000 0.636718750000
r2_icon_preferences.tga 0.890625000000 0.617187500000 0.914062500000 0.640625000000
r2_icon_r2_small.tga 0.914062500000 0.617187500000 0.937500000000 0.640625000000
r2_icon_resetwindows.tga 0.937500000000 0.617187500000 0.960937500000 0.640625000000
r2_icon_save_small.tga 0.960937500000 0.617187500000 0.984375000000 0.640625000000
rap_not_invited_dm.tga 0.000000000000 0.621093750000 0.023437500000 0.644531250000
r2ed_icon_move.tga 0.023437500000 0.621093750000 0.046875000000 0.644531250000
r2ed_icon_newactivity.tga 0.046875000000 0.621093750000 0.070312500000 0.644531250000
r2_icon_scenario_prop.tga 0.070312500000 0.621093750000 0.093750000000 0.644531250000
r2_icon_scenario_small.tga 0.093750000000 0.621093750000 0.117187500000 0.644531250000
m_back.tga 0.230468750000 0.621093750000 0.253906250000 0.644531250000
pvp_green.tga 0.253906250000 0.621093750000 0.277343750000 0.644531250000
pvp_orange.tga 0.277343750000 0.621093750000 0.300781250000 0.644531250000
pvp_red.tga 0.300781250000 0.621093750000 0.324218750000 0.644531250000
r2ed_toolbar_rest_zone_small.tga 0.324218750000 0.621093750000 0.347656250000 0.644531250000
forage_life.tga 0.347656250000 0.621093750000 0.371093750000 0.644531250000
r2_icon_stop_test_small.tga 0.371093750000 0.621093750000 0.394531250000 0.644531250000
lm_target.tga 0.835937500000 0.621093750000 0.859375000000 0.644531250000
lm_target_over.tga 0.859375000000 0.621093750000 0.882812500000 0.644531250000
lm_target_pushed.tga 0.117187500000 0.625000000000 0.140625000000 0.648437500000
lm_user.tga 0.140625000000 0.625000000000 0.164062500000 0.648437500000
lm_user_pushed.tga 0.164062500000 0.625000000000 0.187500000000 0.648437500000
mektoub_map.tga 0.187500000000 0.625000000000 0.210937500000 0.648437500000
r2ed_edit_events_over_small.tga 0.699218750000 0.625000000000 0.722656250000 0.648437500000
mektoub_map_over.tga 0.722656250000 0.625000000000 0.746093750000 0.648437500000
r2ed_edit_events_pushed_small.tga 0.527343750000 0.628906250000 0.550781250000 0.652343750000
r2ed_edit_events_small.tga 0.550781250000 0.628906250000 0.574218750000 0.652343750000
r2ed_entry_point.tga 0.574218750000 0.628906250000 0.597656250000 0.652343750000
r2ed_entry_point_over.tga 0.597656250000 0.628906250000 0.621093750000 0.652343750000
r2ed_entry_point_pushed.tga 0.621093750000 0.628906250000 0.644531250000 0.652343750000
r2_palette_scenario.tga 0.644531250000 0.628906250000 0.667968750000 0.652343750000
r2_palette_zones.tga 0.667968750000 0.628906250000 0.691406250000 0.652343750000
r2_toolbar_stand_still_small.tga 0.746093750000 0.628906250000 0.769531250000 0.652343750000
r2_icon_support.tga 0.769531250000 0.628906250000 0.792968750000 0.652343750000
forage_spawn.tga 0.792968750000 0.628906250000 0.816406250000 0.652343750000
r2ed_icon_rotate.tga 0.394531250000 0.636718750000 0.417968750000 0.660156250000
r2ed_tool_extend_prim_small.tga 0.417968750000 0.636718750000 0.441406250000 0.660156250000
r2ed_invalid_event_small.tga 0.441406250000 0.636718750000 0.464843750000 0.660156250000
r2_toolbar_ungroup_small.tga 0.464843750000 0.636718750000 0.488281250000 0.660156250000
r2ed_toolbar_show_small.tga 0.488281250000 0.636718750000 0.511718750000 0.660156250000
r2ed_kicked_char.tga 0.882812500000 0.640625000000 0.906250000000 0.664062500000
r2ed_edit_dialog_small.tga 0.906250000000 0.640625000000 0.929687500000 0.664062500000
arbo_level_24.tga 0.929687500000 0.640625000000 0.953125000000 0.664062500000
r2ed_left_sequence.tga 0.953125000000 0.640625000000 0.976562500000 0.664062500000
r2_scenario_small.tga 0.976562500000 0.640625000000 1.000000000000 0.664062500000
r2_toolbar_wander_zone_small.tga 0.000000000000 0.644531250000 0.023437500000 0.667968750000
rap_invited_dm.tga 0.023437500000 0.644531250000 0.046875000000 0.667968750000
r2ed_connected_char.tga 0.046875000000 0.644531250000 0.070312500000 0.667968750000
rap_invited_no_dm.tga 0.070312500000 0.644531250000 0.093750000000 0.667968750000
r2ed_toolbar_unfreeze_small.tga 0.093750000000 0.644531250000 0.117187500000 0.667968750000
r2ed_tool_new_vertex_small.tga 0.210937500000 0.644531250000 0.234375000000 0.667968750000
r2ed_not_current_act.tga 0.234375000000 0.644531250000 0.257812500000 0.667968750000
r2_toolbar_customize_look_small.tga 0.257812500000 0.644531250000 0.281250000000 0.667968750000
lm_continent.tga 0.281250000000 0.644531250000 0.304687500000 0.667968750000
lm_continent_pushed.tga 0.304687500000 0.644531250000 0.328125000000 0.667968750000
lm_home.tga 0.328125000000 0.644531250000 0.351562500000 0.667968750000
lm_home_over.tga 0.351562500000 0.644531250000 0.375000000000 0.667968750000
lm_home_pushed.tga 0.816406250000 0.644531250000 0.839843750000 0.667968750000
r2_toolbar_delete_small.tga 0.839843750000 0.644531250000 0.863281250000 0.667968750000
lm_mission.tga 0.117187500000 0.648437500000 0.140625000000 0.671875000000
lm_mission_pushed.tga 0.140625000000 0.648437500000 0.164062500000 0.671875000000
lm_over.tga 0.164062500000 0.648437500000 0.187500000000 0.671875000000
r2_toolbar_follow_road_small.tga 0.187500000000 0.648437500000 0.210937500000 0.671875000000
lm_respawn.tga 0.691406250000 0.648437500000 0.714843750000 0.671875000000
lm_respawn_over.tga 0.714843750000 0.648437500000 0.738281250000 0.671875000000
r2ed_tool_select_move_small.tga 0.511718750000 0.652343750000 0.535156250000 0.675781250000
r2_icon_go_test_small.tga 0.535156250000 0.652343750000 0.558593750000 0.675781250000
r2_icon_keys_small.tga 0.558593750000 0.652343750000 0.582031250000 0.675781250000
r2_icon_light_off_small.tga 0.582031250000 0.652343750000 0.605468750000 0.675781250000
r2_icon_light_on_small.tga 0.605468750000 0.652343750000 0.628906250000 0.675781250000
r2_icon_load_small.tga 0.628906250000 0.652343750000 0.652343750000 0.675781250000
r2_icon_mail_box_small.tga 0.652343750000 0.652343750000 0.675781250000 0.675781250000
r2ed_toolbar_unlock_small.tga 0.738281250000 0.652343750000 0.761718750000 0.675781250000
r2ed_right_sequence.tga 0.761718750000 0.652343750000 0.785156250000 0.675781250000
r2ed_sun.tga 0.785156250000 0.652343750000 0.808593750000 0.675781250000
r2ed_toolbar_hide_small.tga 0.375000000000 0.660156250000 0.398437500000 0.683593750000
r2_toolbar_group_small.tga 0.398437500000 0.660156250000 0.421875000000 0.683593750000
r2ed_toolbar_work_zone_small.tga 0.421875000000 0.660156250000 0.445312500000 0.683593750000
r2_icon_chat_small.tga 0.445312500000 0.660156250000 0.468750000000 0.683593750000
r2ed_permanent_content_small.tga 0.468750000000 0.660156250000 0.492187500000 0.683593750000
W_slot_brick_disabled.tga 0.863281250000 0.664062500000 0.886718750000 0.687500000000
r2_toolbar_kill_small.tga 0.886718750000 0.664062500000 0.910156250000 0.687500000000
r2ed_tool_rotate_small.tga 0.910156250000 0.664062500000 0.933593750000 0.687500000000
forage_time.tga 0.933593750000 0.664062500000 0.957031250000 0.687500000000
r2ed_toolbar_feed_zone_small.tga 0.957031250000 0.664062500000 0.980468750000 0.687500000000
r2ed_toolbar_hunt_zone_small.tga 0.000000000000 0.667968750000 0.023437500000 0.691406250000
W_button_24_over.tga 0.023437500000 0.667968750000 0.046875000000 0.691406250000
r2_toolbar_patrol_road_small.tga 0.046875000000 0.667968750000 0.070312500000 0.691406250000
r2ed_toolbar_freeze_small.tga 0.070312500000 0.667968750000 0.093750000000 0.691406250000
lm_respawn_pushed.tga 0.093750000000 0.667968750000 0.117187500000 0.691406250000
arbo_close_just_one_24.tga 0.210937500000 0.667968750000 0.234375000000 0.691406250000
ency_rite_done.tga 0.234375000000 0.667968750000 0.257812500000 0.691406250000
r2ed_toolbar_guard_zone_small.tga 0.257812500000 0.667968750000 0.281250000000 0.691406250000
TB_Forum_ring.tga 0.281250000000 0.667968750000 0.304687500000 0.691406250000
TB_help.tga 0.304687500000 0.667968750000 0.328125000000 0.691406250000
TB_identity.tga 0.328125000000 0.667968750000 0.351562500000 0.691406250000
r2ed_current_act_content_small.tga 0.351562500000 0.667968750000 0.375000000000 0.691406250000
r2_toolbar_properties_small.tga 0.808593750000 0.667968750000 0.832031250000 0.691406250000
TB_interaction.tga 0.832031250000 0.667968750000 0.855468750000 0.691406250000
r2ed_up_element.tga 0.117187500000 0.671875000000 0.140625000000 0.695312500000
TB_inventory.tga 0.140625000000 0.671875000000 0.164062500000 0.695312500000
TB_map.tga 0.164062500000 0.671875000000 0.187500000000 0.695312500000
r2_allow_small.tga 0.187500000000 0.671875000000 0.210937500000 0.695312500000
TB_missions.tga 0.675781250000 0.671875000000 0.699218750000 0.695312500000
fame_blank.tga 0.699218750000 0.671875000000 0.738281250000 0.685546875000
fame_arrow_down.tga 0.492187500000 0.675781250000 0.531250000000 0.689453125000
fame_arrow_up.tga 0.531250000000 0.675781250000 0.570312500000 0.689453125000
fame_arrow_updown.tga 0.570312500000 0.675781250000 0.609375000000 0.689453125000
bg_jauge_top.tga 0.855468750000 0.687500000000 0.980468750000 0.691406250000
w_slot_consider.tga 0.089843750000 0.222656250000 0.121093750000 0.238281250000
r2_gradient.tga 0.210937500000 0.691406250000 0.335937500000 0.695312500000
consider_1.tga 0.609375000000 0.675781250000 0.640625000000 0.691406250000
consider_2.tga 0.640625000000 0.675781250000 0.671875000000 0.691406250000
consider_3.tga 0.738281250000 0.675781250000 0.769531250000 0.691406250000
consider_4.tga 0.769531250000 0.675781250000 0.800781250000 0.691406250000
consider_5.tga 0.375000000000 0.683593750000 0.406250000000 0.699218750000
consider_6.tga 0.406250000000 0.683593750000 0.437500000000 0.699218750000
consider_7.tga 0.437500000000 0.683593750000 0.468750000000 0.699218750000
w_button_32_over.tga 0.699218750000 0.687500000000 0.730468750000 0.703125000000
r2ed_triggers_select.tga 0.468750000000 0.683593750000 0.490234375000 0.706054687500
r2_select_menu_over_l.tga 0.984375000000 0.457031250000 0.998046875000 0.488281250000
r2_select_menu_pushed_l.tga 0.980468750000 0.488281250000 0.994140625000 0.519531250000
skill_arbo_son_without_son.tga 0.980468750000 0.519531250000 0.994140625000 0.550781250000
skill_arbo_close_just_one.tga 0.980468750000 0.664062500000 0.994140625000 0.695312500000
skill_arbo_level.tga 0.000000000000 0.691406250000 0.013671875000 0.722656250000
skill_arbo_open_first.tga 0.015625000000 0.691406250000 0.029296875000 0.722656250000
skill_arbo_son.tga 0.031250000000 0.691406250000 0.044921875000 0.722656250000
skill_arbo_son_last.tga 0.046875000000 0.691406250000 0.060546875000 0.722656250000
r2_select_menu_l.tga 0.062500000000 0.691406250000 0.076171875000 0.722656250000
r2_icon_dialog_mini_over.tga 0.699218750000 0.605468750000 0.718750000000 0.625000000000
r2_icon_dialog_mini_pushed.tga 0.210937500000 0.625000000000 0.230468750000 0.644531250000
r2_icon_action_mini_over.tga 0.863281250000 0.644531250000 0.882812500000 0.664062500000
r2_icon_reaction_mini.tga 0.078125000000 0.691406250000 0.097656250000 0.710937500000
r2_icon_reaction_mini_over.tga 0.097656250000 0.691406250000 0.117187500000 0.710937500000
r2_icon_reaction_mini_pushed.tga 0.335937500000 0.691406250000 0.355468750000 0.710937500000
r2_icon_action_mini_pushed.tga 0.355468750000 0.691406250000 0.375000000000 0.710937500000
r2ed_open_activities.tga 0.492187500000 0.691406250000 0.511718750000 0.710937500000
r2_icon_action_mini.tga 0.511718750000 0.691406250000 0.531250000000 0.710937500000
r2_icon_event_trigger_mini.tga 0.531250000000 0.691406250000 0.550781250000 0.710937500000
r2_icon_event_trigger_mini_over.tga 0.550781250000 0.691406250000 0.570312500000 0.710937500000
r2_icon_event_trigger_mini_pushed.tga 0.570312500000 0.691406250000 0.589843750000 0.710937500000
r2_icon_dialog_mini.tga 0.589843750000 0.691406250000 0.609375000000 0.710937500000
mp3_button_slot.tga 0.609375000000 0.691406250000 0.630859375000 0.708984375000
w_button_mode_over.tga 0.632812500000 0.691406250000 0.646484375000 0.718750000000
w_mode_choice.tga 0.648437500000 0.691406250000 0.662109375000 0.718750000000
details_on.tga 0.964843750000 0.218750000000 0.988281250000 0.234375000000
qh_on_l.tga 0.109375000000 0.570312500000 0.125000000000 0.593750000000
qh_on_r.tga 0.093750000000 0.597656250000 0.109375000000 0.621093750000
r2_select_bar_start_normal_l.tga 0.664062500000 0.691406250000 0.675781250000 0.722656250000
r2_select_bar_start_normal_r.tga 0.730468750000 0.691406250000 0.742187500000 0.722656250000
qh_off_r.tga 0.984375000000 0.617187500000 1.000000000000 0.640625000000
mp3_vol_jauge.tga 0.148437500000 0.242187500000 0.195312500000 0.250000000000
details_off.tga 0.125000000000 0.359375000000 0.148437500000 0.375000000000
skin_header_l.tga 0.742187500000 0.691406250000 0.753906250000 0.722656250000
w_button_filter_off.tga 0.437500000000 0.359375000000 0.460937500000 0.375000000000
w_button_filter_on.tga 0.976562500000 0.375000000000 1.000000000000 0.390625000000
qh_off_l.tga 0.753906250000 0.691406250000 0.769531250000 0.714843750000
filter_armor.tga 0.769531250000 0.691406250000 0.792968750000 0.707031250000
r2_select_bar_start_over_l.tga 0.792968750000 0.691406250000 0.804687500000 0.722656250000
filter_mission.tga 0.804687500000 0.691406250000 0.828125000000 0.707031250000
filter_mps.tga 0.828125000000 0.691406250000 0.851562500000 0.707031250000
r2_select_bar_start_over_r.tga 0.851562500000 0.691406250000 0.863281250000 0.722656250000
r2_select_bar_start_pushed_l.tga 0.863281250000 0.691406250000 0.875000000000 0.722656250000
r2_select_bar_start_pushed_r.tga 0.875000000000 0.691406250000 0.886718750000 0.722656250000
w_l0_tl_title.tga 0.886718750000 0.691406250000 0.902343750000 0.714843750000
filter_tools.tga 0.902343750000 0.691406250000 0.925781250000 0.707031250000
W_slot_jauge_1_mini.tga 0.457031250000 0.597656250000 0.519531250000 0.603515625000
filter_weapon.tga 0.925781250000 0.691406250000 0.949218750000 0.707031250000
w_button_18_over.tga 0.949218750000 0.691406250000 0.966796875000 0.708984375000
mp3_button_pause.tga 0.816406250000 0.628906250000 0.835937500000 0.644531250000
mp3_button_play.tga 0.375000000000 0.644531250000 0.394531250000 0.660156250000
mp3_button_previous.tga 0.492187500000 0.660156250000 0.511718750000 0.675781250000
Switch_Ratio.tga 0.117187500000 0.695312500000 0.136718750000 0.710937500000
Switch_Text_Icon.tga 0.136718750000 0.695312500000 0.156250000000 0.710937500000
mp3_button_list.tga 0.156250000000 0.695312500000 0.175781250000 0.710937500000
mp3_button_next.tga 0.175781250000 0.695312500000 0.195312500000 0.710937500000
mp3_button_open.tga 0.195312500000 0.695312500000 0.214843750000 0.710937500000
mp3_button_over.tga 0.214843750000 0.695312500000 0.234375000000 0.710937500000
w_tab_down_pushed_r.tga 0.968750000000 0.691406250000 0.980468750000 0.714843750000
W_warning.tga 0.234375000000 0.695312500000 0.251953125000 0.710937500000
w_expand_off.tga 0.253906250000 0.695312500000 0.265625000000 0.718750000000
w_expand_on.tga 0.265625000000 0.695312500000 0.277343750000 0.718750000000
w_tab_down_normal_r.tga 0.277343750000 0.695312500000 0.289062500000 0.718750000000
w_tab_up_normal_r.tga 0.289062500000 0.695312500000 0.300781250000 0.718750000000
w_tab_up_pushed_r.tga 0.300781250000 0.695312500000 0.312500000000 0.718750000000
ency_step_slot.tga 0.476562500000 0.218750000000 0.492187500000 0.234375000000
W_slot_number.tga 0.234375000000 0.574218750000 0.250000000000 0.589843750000
W_slot_number_selected.tga 0.394531250000 0.621093750000 0.410156250000 0.636718750000
W_slot_number_unselected.tga 0.511718750000 0.636718750000 0.527343750000 0.652343750000
r2_icon_select.tga 0.675781250000 0.652343750000 0.691406250000 0.667968750000
r2_glow_star.tga 0.312500000000 0.695312500000 0.328125000000 0.710937500000
W_user_info.tga 0.675781250000 0.695312500000 0.691406250000 0.710937500000
r2_suspension.tga 0.980468750000 0.695312500000 0.996093750000 0.710937500000
w_zoom_in.tga 0.375000000000 0.699218750000 0.390625000000 0.714843750000
w_zoom_out.tga 0.390625000000 0.699218750000 0.406250000000 0.714843750000
r2ed_ring_rating_1.tga 0.406250000000 0.699218750000 0.421875000000 0.714843750000
r2_icon_speak_as_small.tga 0.421875000000 0.699218750000 0.437500000000 0.714843750000
r2_icon_speak_as_small_over.tga 0.437500000000 0.699218750000 0.453125000000 0.714843750000
r2_icon_speak_as_small_pushed.tga 0.453125000000 0.699218750000 0.468750000000 0.714843750000
w_center_map.tga 0.691406250000 0.703125000000 0.707031250000 0.718750000000
W_close_0.tga 0.707031250000 0.703125000000 0.722656250000 0.718750000000
r2ed_ring_rating_10.tga 0.468750000000 0.707031250000 0.484375000000 0.722656250000
bulle_next.tga 0.769531250000 0.707031250000 0.785156250000 0.722656250000
r2ed_ring_rating_2.tga 0.804687500000 0.707031250000 0.820312500000 0.722656250000
r2_icon_map_invalid.tga 0.820312500000 0.707031250000 0.835937500000 0.722656250000
w_arrow_left_0.tga 0.835937500000 0.707031250000 0.851562500000 0.722656250000
W_arrow_right_0.tga 0.902343750000 0.707031250000 0.917968750000 0.722656250000
W_arrow_up_0.tga 0.917968750000 0.707031250000 0.933593750000 0.722656250000
w_back_map.tga 0.933593750000 0.707031250000 0.949218750000 0.722656250000
W_button_16_over.tga 0.078125000000 0.710937500000 0.093750000000 0.726562500000
r2ed_ring_rating_3.tga 0.093750000000 0.710937500000 0.109375000000 0.726562500000
r2ed_ring_rating_4.tga 0.109375000000 0.710937500000 0.125000000000 0.726562500000
money_seve.tga 0.125000000000 0.710937500000 0.140625000000 0.726562500000
w_add.tga 0.140625000000 0.710937500000 0.156250000000 0.726562500000
W_answer_16_cancel.tga 0.156250000000 0.710937500000 0.171875000000 0.726562500000
W_answer_16_valid.tga 0.171875000000 0.710937500000 0.187500000000 0.726562500000
W_arrow_down_0.tga 0.187500000000 0.710937500000 0.203125000000 0.726562500000
r2ed_ring_rating_5.tga 0.203125000000 0.710937500000 0.218750000000 0.726562500000
r2_mini_activity_chat.tga 0.218750000000 0.710937500000 0.234375000000 0.726562500000
r2ed_ring_rating_6.tga 0.234375000000 0.710937500000 0.250000000000 0.726562500000
W_button_default.tga 0.312500000000 0.710937500000 0.328125000000 0.726562500000
W_button_edit.tga 0.328125000000 0.710937500000 0.343750000000 0.726562500000
bgd_pause.tga 0.343750000000 0.710937500000 0.359375000000 0.726562500000
r2_icon_possess_small.tga 0.359375000000 0.710937500000 0.375000000000 0.726562500000
r2_icon_possess_small_over.tga 0.484375000000 0.710937500000 0.500000000000 0.726562500000
r2_icon_possess_small_pushed.tga 0.500000000000 0.710937500000 0.515625000000 0.726562500000
r2ed_ring_rating_7.tga 0.515625000000 0.710937500000 0.531250000000 0.726562500000
r2ed_ring_rating_8.tga 0.531250000000 0.710937500000 0.546875000000 0.726562500000
r2_mini_activity_empty_chat.tga 0.546875000000 0.710937500000 0.562500000000 0.726562500000
r2_mini_activity_feed_zone.tga 0.562500000000 0.710937500000 0.578125000000 0.726562500000
r2_mini_activity_follow_road.tga 0.578125000000 0.710937500000 0.593750000000 0.726562500000
r2_mini_activity_guard_zone.tga 0.593750000000 0.710937500000 0.609375000000 0.726562500000
r2_mini_activity_hunt_zone.tga 0.609375000000 0.710937500000 0.625000000000 0.726562500000
r2_mini_activity_inactive.tga 0.675781250000 0.710937500000 0.691406250000 0.726562500000
pin_off.tga 0.949218750000 0.710937500000 0.964843750000 0.726562500000
pin_on.tga 0.980468750000 0.710937500000 0.996093750000 0.726562500000
r2_mini_activity_patrol_road.tga 0.375000000000 0.714843750000 0.390625000000 0.730468750000
r2_mini_activity_repeat_road.tga 0.390625000000 0.714843750000 0.406250000000 0.730468750000
target_mission.tga 0.406250000000 0.714843750000 0.421875000000 0.730468750000
r2_mini_activity_rest_zone.tga 0.421875000000 0.714843750000 0.437500000000 0.730468750000
r2_mini_activity_stand_still.tga 0.437500000000 0.714843750000 0.453125000000 0.730468750000
r2_mini_activity_wander_zone.tga 0.453125000000 0.714843750000 0.468750000000 0.730468750000
W_rename_16.tga 0.753906250000 0.714843750000 0.769531250000 0.730468750000
w_restore.tga 0.886718750000 0.714843750000 0.902343750000 0.730468750000
r2_mini_activity_work_zone.tga 0.964843750000 0.714843750000 0.980468750000 0.730468750000
r2ed_ring_rating_9.tga 0.250000000000 0.718750000000 0.265625000000 0.734375000000
r2ed_triggers_more.tga 0.265625000000 0.718750000000 0.281250000000 0.734375000000
r2_map_edge_test.tga 0.281250000000 0.718750000000 0.296875000000 0.734375000000
r2ed_triggers_trash.tga 0.296875000000 0.718750000000 0.312500000000 0.734375000000
w_button_radar_plus.tga 0.625000000000 0.718750000000 0.640625000000 0.734375000000
bulle_quit.tga 0.640625000000 0.718750000000 0.656250000000 0.734375000000
W_button_reset.tga 0.691406250000 0.718750000000 0.707031250000 0.734375000000
r2_map_foot_steps.tga 0.000000000000 0.722656250000 0.031250000000 0.730468750000
ency_step_done.tga 0.707031250000 0.718750000000 0.722656250000 0.734375000000
w_button_10x24_over.tga 0.031250000000 0.722656250000 0.041015625000 0.746093750000
w_button_spellock_over.tga 0.042968750000 0.722656250000 0.066406250000 0.731445312500
w_button_spellock_on.tga 0.722656250000 0.722656250000 0.746093750000 0.731445312500
w_button_spellock_off.tga 0.769531250000 0.722656250000 0.792968750000 0.731445312500
r2ed_icon_permanent_group.tga 0.468750000000 0.722656250000 0.482421875000 0.736328125000
r2ed_icon_permanent_group_creatures.tga 0.656250000000 0.722656250000 0.669921875000 0.736328125000
r2ed_icon_permanent_macro_components.tga 0.792968750000 0.722656250000 0.806640625000 0.736328125000
w_affected.tga 0.808593750000 0.722656250000 0.822265625000 0.736328125000
r2ed_icon_region.tga 0.824218750000 0.722656250000 0.837890625000 0.736328125000
W_slot_mood.tga 0.839843750000 0.722656250000 0.853515625000 0.736328125000
r2ed_permanent_pins.tga 0.855468750000 0.722656250000 0.869140625000 0.736328125000
w_sound_off.tga 0.871093750000 0.722656250000 0.884765625000 0.736328125000
w_sound_on.tga 0.902343750000 0.722656250000 0.916015625000 0.736328125000
w_button_radar_moins.tga 0.917968750000 0.722656250000 0.931640625000 0.736328125000
w_button_14_over.tga 0.933593750000 0.722656250000 0.947265625000 0.736328125000
w_slot_on.tga 0.066406250000 0.726562500000 0.080078125000 0.740234375000
arbo_son_last.tga 0.082031250000 0.726562500000 0.095703125000 0.740234375000
arbo_son_without_son.tga 0.097656250000 0.726562500000 0.111328125000 0.740234375000
r2_icon_components_tasks.tga 0.113281250000 0.726562500000 0.126953125000 0.740234375000
r2_icon_components_trigger.tga 0.128906250000 0.726562500000 0.142578125000 0.740234375000
r2_icon_create.tga 0.144531250000 0.726562500000 0.158203125000 0.740234375000
arbo_son.tga 0.160156250000 0.726562500000 0.173828125000 0.740234375000
arbo_close_just_one.tga 0.175781250000 0.726562500000 0.189453125000 0.740234375000
contact_chat.tga 0.191406250000 0.726562500000 0.205078125000 0.740234375000
W_offline.tga 0.207031250000 0.726562500000 0.220703125000 0.740234375000
w_on.tga 0.222656250000 0.726562500000 0.236328125000 0.740234375000
W_online.tga 0.312500000000 0.726562500000 0.326171875000 0.740234375000
w_win_close.tga 0.328125000000 0.726562500000 0.341796875000 0.740234375000
w_win_lock.tga 0.343750000000 0.726562500000 0.357421875000 0.740234375000
w_win_popin.tga 0.359375000000 0.726562500000 0.373046875000 0.740234375000
w_win_popup.tga 0.484375000000 0.726562500000 0.498046875000 0.740234375000
w_online_abroad.tga 0.500000000000 0.726562500000 0.513671875000 0.740234375000
w_opacity_on.tga 0.515625000000 0.726562500000 0.529296875000 0.740234375000
w_help_1.tga 0.531250000000 0.726562500000 0.544921875000 0.740234375000
w_pad_close.tga 0.546875000000 0.726562500000 0.560546875000 0.740234375000
arbo_open_first.tga 0.562500000000 0.726562500000 0.576171875000 0.740234375000
animal_inventory.tga 0.578125000000 0.726562500000 0.591796875000 0.740234375000
r2_icon_far.tga 0.593750000000 0.726562500000 0.607421875000 0.740234375000
arbo_level.tga 0.609375000000 0.726562500000 0.623046875000 0.740234375000
r2ed_icon_road.tga 0.671875000000 0.726562500000 0.685546875000 0.740234375000
r2ed_icon_act.tga 0.949218750000 0.726562500000 0.962890625000 0.740234375000
r2ed_icon_botobject.tga 0.980468750000 0.726562500000 0.994140625000 0.740234375000
r2ed_icon_creatures.tga 0.000000000000 0.730468750000 0.013671875000 0.744140625000
r2ed_icon_default_feature.tga 0.015625000000 0.730468750000 0.029296875000 0.744140625000
r2ed_icon_group.tga 0.375000000000 0.730468750000 0.388671875000 0.744140625000
r2ed_icon_group_creatures.tga 0.390625000000 0.730468750000 0.404296875000 0.744140625000
r2ed_icon_macro_components.tga 0.406250000000 0.730468750000 0.419921875000 0.744140625000
r2ed_permanent_node.tga 0.421875000000 0.730468750000 0.435546875000 0.744140625000
r2_icon_properties.tga 0.437500000000 0.730468750000 0.451171875000 0.744140625000
r2ed_icon_npc.tga 0.453125000000 0.730468750000 0.466796875000 0.744140625000
r2ed_icon_permanent_creatures.tga 0.746093750000 0.730468750000 0.759765625000 0.744140625000
quit_button_normal_r.tga 0.187500000000 0.195312500000 0.195312500000 0.218750000000
quit_button_over_l.tga 0.187500000000 0.218750000000 0.195312500000 0.242187500000
quit_button_over_r.tga 0.312500000000 0.250000000000 0.320312500000 0.273437500000
quit_button_pushed_l.tga 0.992187500000 0.250000000000 1.000000000000 0.273437500000
quit_button_pushed_r.tga 0.992187500000 0.390625000000 1.000000000000 0.414062500000
r2_select_menu_r.tga 0.992187500000 0.414062500000 0.998046875000 0.445312500000
r2_select_menu_over_r.tga 0.238281250000 0.726562500000 0.244140625000 0.757812500000
w_slot_jauge_1_umin.tga 0.246093750000 0.734375000000 0.277343750000 0.740234375000
r2_select_menu_pushed_r.tga 0.761718750000 0.730468750000 0.767578125000 0.761718750000
quit_button_normal_l.tga 0.546875000000 0.429687500000 0.554687500000 0.453125000000
target.tga 0.042968750000 0.734375000000 0.059570312500 0.745117187500
flag-en.tga 0.515625000000 0.585937500000 0.530273437500 0.597656250000
flag-fr.tga 0.410156250000 0.593750000000 0.424804687500 0.605468750000
flag-de.tga 0.765625000000 0.593750000000 0.780273437500 0.605468750000
w_trade_player_ready.tga 0.886718750000 0.730468750000 0.898437500000 0.744140625000
num_6.tga 0.964843750000 0.730468750000 0.976562500000 0.744140625000
num_7.tga 0.277343750000 0.734375000000 0.289062500000 0.748046875000
W_warning_2.tga 0.289062500000 0.734375000000 0.302734375000 0.746093750000
num_8.tga 0.625000000000 0.734375000000 0.636718750000 0.748046875000
num_9.tga 0.636718750000 0.734375000000 0.648437500000 0.748046875000
w_defense_normal_m.tga 0.988281250000 0.000000000000 0.992187500000 0.041015625000
w_defense_normal_r.tga 0.988281250000 0.042968750000 0.992187500000 0.083984375000
w_defense_r.tga 0.996093750000 0.488281250000 1.000000000000 0.529296875000
w_defense_l.tga 0.996093750000 0.664062500000 1.000000000000 0.705078125000
w_defense_m.tga 0.996093750000 0.707031250000 1.000000000000 0.748046875000
w_defense_normal_l.tga 0.687500000000 0.726562500000 0.691406250000 0.767578125000
num_0.tga 0.691406250000 0.734375000000 0.703125000000 0.748046875000
num_1.tga 0.703125000000 0.734375000000 0.714843750000 0.748046875000
num_2.tga 0.714843750000 0.734375000000 0.726562500000 0.748046875000
num_3.tga 0.726562500000 0.734375000000 0.738281250000 0.748046875000
num_4.tga 0.769531250000 0.734375000000 0.781250000000 0.748046875000
num_5.tga 0.781250000000 0.734375000000 0.792968750000 0.748046875000
w_trade_other_ready.tga 0.468750000000 0.738281250000 0.480468750000 0.751953125000
W_button_12_over.tga 0.160156250000 0.468750000000 0.171875000000 0.480468750000
W_arrow_down_1.tga 0.648437500000 0.738281250000 0.660156250000 0.750000000000
W_mood_pow1.tga 0.660156250000 0.738281250000 0.671875000000 0.750000000000
W_weight.tga 0.792968750000 0.738281250000 0.804687500000 0.750000000000
W_mood_pow0.tga 0.804687500000 0.738281250000 0.816406250000 0.750000000000
W_mood_pow2.tga 0.816406250000 0.738281250000 0.828125000000 0.750000000000
W_mood_pow3.tga 0.828125000000 0.738281250000 0.839843750000 0.750000000000
r2ed_triggers_little_chat.tga 0.839843750000 0.738281250000 0.851562500000 0.750000000000
r2ed_triggers_little_less.tga 0.851562500000 0.738281250000 0.863281250000 0.750000000000
r2ed_triggers_little_more.tga 0.863281250000 0.738281250000 0.875000000000 0.750000000000
r2ed_triggers_little_trash.tga 0.875000000000 0.738281250000 0.886718750000 0.750000000000
r2ed_triggers_maximize.tga 0.898437500000 0.738281250000 0.910156250000 0.750000000000
r2ed_triggers_minimize.tga 0.910156250000 0.738281250000 0.921875000000 0.750000000000
W_arrow_right_1.tga 0.921875000000 0.738281250000 0.933593750000 0.750000000000
W_mood_pow5.tga 0.933593750000 0.738281250000 0.945312500000 0.750000000000
W_scale_more_1.tga 0.062500000000 0.742187500000 0.074218750000 0.753906250000
target_info.tga 0.074218750000 0.742187500000 0.085937500000 0.753906250000
W_arrow_up_1.tga 0.085937500000 0.742187500000 0.097656250000 0.753906250000
W_close_1.tga 0.097656250000 0.742187500000 0.109375000000 0.753906250000
w_copy.tga 0.109375000000 0.742187500000 0.121093750000 0.753906250000
W_scale_less_1.tga 0.121093750000 0.742187500000 0.132812500000 0.753906250000
rollout_opened.tga 0.132812500000 0.742187500000 0.143554687500 0.753906250000
rollout_closed.tga 0.144531250000 0.742187500000 0.155273437500 0.753906250000
W_magic_sep1.tga 0.535156250000 0.523437500000 0.540039062500 0.548828125000
W_magic_sep2.tga 0.304687500000 0.734375000000 0.309570312500 0.759765625000
w_death.tga 0.156250000000 0.742187500000 0.168945312500 0.751953125000
r2ed_desert_m.tga 0.988281250000 0.085937500000 0.992187500000 0.117187500000
r2ed_prime_roots_m.tga 0.496093750000 0.343750000000 0.500000000000 0.375000000000
r2_select_menu_pushed_m.tga 0.351562500000 0.425781250000 0.355468750000 0.457031250000
r2ed_desert_pushed_m.tga 0.976562500000 0.730468750000 0.980468750000 0.761718750000
r2ed_desert_pushed_r.tga 0.738281250000 0.734375000000 0.742187500000 0.765625000000
skin_bl_open.tga 0.476562500000 0.273437500000 0.492187500000 0.281250000000
r2ed_desert_r.tga 0.742187500000 0.734375000000 0.746093750000 0.765625000000
skin_el_open.tga 0.972656250000 0.304687500000 0.988281250000 0.312500000000
r2ed_forest_pushed_m.tga 0.480468750000 0.738281250000 0.484375000000 0.769531250000
r2ed_jungle_m.tga 0.945312500000 0.738281250000 0.949218750000 0.769531250000
r2ed_forest_pushed_r.tga 0.171875000000 0.742187500000 0.175781250000 0.773437500000
r2ed_jungle_pushed_m.tga 0.175781250000 0.742187500000 0.179687500000 0.773437500000
r2ed_jungle_pushed_r.tga 0.179687500000 0.742187500000 0.183593750000 0.773437500000
r2ed_jungle_r.tga 0.183593750000 0.742187500000 0.187500000000 0.773437500000
r2ed_forest_r.tga 0.187500000000 0.742187500000 0.191406250000 0.773437500000
r2_main_menu_normal_m.tga 0.191406250000 0.742187500000 0.195312500000 0.773437500000
r2ed_lakes_m.tga 0.195312500000 0.742187500000 0.199218750000 0.773437500000
r2ed_prime_roots_pushed_m.tga 0.199218750000 0.742187500000 0.203125000000 0.773437500000
r2ed_lakes_pushed_m.tga 0.203125000000 0.742187500000 0.207031250000 0.773437500000
r2ed_lakes_pushed_r.tga 0.207031250000 0.742187500000 0.210937500000 0.773437500000
r2ed_lakes_r.tga 0.210937500000 0.742187500000 0.214843750000 0.773437500000
curs_m.tga 0.214843750000 0.742187500000 0.218750000000 0.773437500000
r2ed_prime_roots_pushed_r.tga 0.218750000000 0.742187500000 0.222656250000 0.773437500000
r2_select_bar_start_over_m.tga 0.222656250000 0.742187500000 0.226562500000 0.773437500000
r2ed_prime_roots_r.tga 0.226562500000 0.742187500000 0.230468750000 0.773437500000
r2ed_forest_m.tga 0.230468750000 0.742187500000 0.234375000000 0.773437500000
r2_select_bar_start_pushed_m.tga 0.234375000000 0.742187500000 0.238281250000 0.773437500000
r2_main_menu_over_m.tga 0.246093750000 0.742187500000 0.250000000000 0.773437500000
r2_main_menu_pushed_m.tga 0.250000000000 0.742187500000 0.253906250000 0.773437500000
r2_select_menu_m.tga 0.253906250000 0.742187500000 0.257812500000 0.773437500000
r2_select_bar_start_normal_m.tga 0.257812500000 0.742187500000 0.261718750000 0.773437500000
r2_select_menu_over_m.tga 0.261718750000 0.742187500000 0.265625000000 0.773437500000
W_L0_EL_open.tga 0.484375000000 0.382812500000 0.500000000000 0.390625000000
r2_tab_sequence_pushed_r.tga 0.542968750000 0.460937500000 0.546875000000 0.488281250000
r2_tab_wide_pushed_m.tga 0.531250000000 0.554687500000 0.535156250000 0.582031250000
r2_tab_wide_pushed_r.tga 0.265625000000 0.742187500000 0.269531250000 0.769531250000
r2_tab_sequence_pushed_m.tga 0.269531250000 0.742187500000 0.273437500000 0.769531250000
r2_tab_wide_normal_m.tga 0.273437500000 0.742187500000 0.277343750000 0.769531250000
r2_tab_wide_normal_r.tga 0.312500000000 0.742187500000 0.316406250000 0.769531250000
W_arrow_down_2.tga 0.316406250000 0.742187500000 0.326171875000 0.751953125000
W_close_2.tga 0.328125000000 0.742187500000 0.337890625000 0.751953125000
W_scale_more_2.tga 0.339843750000 0.742187500000 0.349609375000 0.751953125000
W_arrow_up_2.tga 0.351562500000 0.742187500000 0.361328125000 0.751953125000
W_scale_less_2.tga 0.363281250000 0.742187500000 0.373046875000 0.751953125000
W_button_10_over.tga 0.484375000000 0.742187500000 0.494140625000 0.751953125000
W_arrow_right_2.tga 0.496093750000 0.742187500000 0.505859375000 0.751953125000
r2_icon_map_entity_orient.tga 0.507812500000 0.742187500000 0.516601562500 0.752929687500
quit_button_over_m.tga 0.265625000000 0.402343750000 0.269531250000 0.425781250000
w_header_r.tga 0.257812500000 0.441406250000 0.261718750000 0.464843750000
w_tab_pushed_m.tga 0.261718750000 0.441406250000 0.265625000000 0.464843750000
w_tab_pushed_r.tga 0.472656250000 0.500000000000 0.476562500000 0.523437500000
quit_button_pushed_m.tga 0.476562500000 0.500000000000 0.480468750000 0.523437500000
w_header_m.tga 0.468750000000 0.531250000000 0.472656250000 0.554687500000
r2_tab_wide_over_l.tga 0.464843750000 0.562500000000 0.468750000000 0.585937500000
w_tab_up_normal_m.tga 0.519531250000 0.742187500000 0.523437500000 0.765625000000
w_tab_down_normal_l.tga 0.523437500000 0.742187500000 0.527343750000 0.765625000000
w_tab_up_normal_l.tga 0.527343750000 0.742187500000 0.531250000000 0.765625000000
w_tab_down_normal_m.tga 0.531250000000 0.742187500000 0.535156250000 0.765625000000
qh_off_m.tga 0.535156250000 0.742187500000 0.539062500000 0.765625000000
r2_tab_wide_over_m.tga 0.539062500000 0.742187500000 0.542968750000 0.765625000000
r2_tab_wide_over_r.tga 0.542968750000 0.742187500000 0.546875000000 0.765625000000
w_tab_normal_l.tga 0.546875000000 0.742187500000 0.550781250000 0.765625000000
w_tab_normal_m.tga 0.550781250000 0.742187500000 0.554687500000 0.765625000000
w_tab_normal_r.tga 0.554687500000 0.742187500000 0.558593750000 0.765625000000
qh_on_m.tga 0.558593750000 0.742187500000 0.562500000000 0.765625000000
w_tab_over_l.tga 0.562500000000 0.742187500000 0.566406250000 0.765625000000
w_tab_over_m.tga 0.566406250000 0.742187500000 0.570312500000 0.765625000000
quit_button_normal_m.tga 0.570312500000 0.742187500000 0.574218750000 0.765625000000
w_l0_tr_title.tga 0.574218750000 0.742187500000 0.578125000000 0.765625000000
w_l0_t_title.tga 0.578125000000 0.742187500000 0.582031250000 0.765625000000
w_tab_over_r.tga 0.582031250000 0.742187500000 0.585937500000 0.765625000000
w_tab_pushed_l.tga 0.585937500000 0.742187500000 0.589843750000 0.765625000000
W_ico_affected_fill.tga 0.171875000000 0.429687500000 0.177734375000 0.441406250000
W_ico_affected.tga 0.992187500000 0.445312500000 0.998046875000 0.457031250000
w_text_button_over_l.tga 0.988281250000 0.218750000000 0.992187500000 0.234375000000
w_text_button_over_m.tga 0.121093750000 0.222656250000 0.125000000000 0.238281250000
w_text_button_over_r.tga 0.148437500000 0.359375000000 0.152343750000 0.375000000000
w_text_button_pushed_l.tga 0.460937500000 0.359375000000 0.464843750000 0.375000000000
W_scale_more_3.tga 0.312500000000 0.273437500000 0.320312500000 0.281250000000
w_text_button_pushed_m.tga 0.128906250000 0.414062500000 0.132812500000 0.429687500000
w_text_button_pushed_r.tga 0.253906250000 0.480468750000 0.257812500000 0.496093750000
r2ed_triggers_corner.tga 0.492187500000 0.273437500000 0.500000000000 0.281250000000
r2ed_tool_border.tga 0.988281250000 0.304687500000 0.996093750000 0.312500000000
W_L0_M_open.tga 0.089843750000 0.238281250000 0.105468750000 0.242187500000
r2ed_tool_corner.tga 0.968750000000 0.343750000000 0.976562500000 0.351562500000
r2ed_tool_corner_select.tga 0.992187500000 0.582031250000 1.000000000000 0.589843750000
r2ed_tool_corner_select_g.tga 0.136718750000 0.593750000000 0.144531250000 0.601562500000
W_L1_BL.tga 0.105468750000 0.238281250000 0.121093750000 0.242187500000
W_L1_BL_open.tga 0.960937500000 0.386718750000 0.976562500000 0.390625000000
W_L1_E_open.tga 0.328125000000 0.589843750000 0.343750000000 0.593750000000
W_L2_BL.tga 0.117187500000 0.621093750000 0.132812500000 0.625000000000
W_L2_BL_open.tga 0.746093750000 0.625000000000 0.761718750000 0.628906250000
W_L2_E_open.tga 0.675781250000 0.667968750000 0.691406250000 0.671875000000
W_L2_M_open.tga 0.589843750000 0.742187500000 0.605468750000 0.746093750000
r2ed_tool_border_select.tga 0.144531250000 0.593750000000 0.152343750000 0.601562500000
r2ed_tool_border_select_g.tga 0.519531250000 0.597656250000 0.527343750000 0.605468750000
skin_l1_bl_open.tga 0.605468750000 0.742187500000 0.621093750000 0.746093750000
W_point.tga 0.835937500000 0.605468750000 0.843750000000 0.613281250000
W_button_08_over.tga 0.527343750000 0.613281250000 0.535156250000 0.621093750000
skin_l1_e_open.tga 0.671875000000 0.742187500000 0.687500000000 0.746093750000
W_close_3.tga 0.835937500000 0.613281250000 0.843750000000 0.621093750000
cm_b.tga 0.527343750000 0.621093750000 0.535156250000 0.628906250000
cm_bl.tga 0.882812500000 0.621093750000 0.890625000000 0.628906250000
r2ed_island_border.tga 0.691406250000 0.628906250000 0.699218750000 0.636718750000
W_hl_b.tga 0.882812500000 0.628906250000 0.890625000000 0.636718750000
W_hl_bl.tga 0.691406250000 0.636718750000 0.699218750000 0.644531250000
skin_sep_l.tga 0.808593750000 0.652343750000 0.816406250000 0.660156250000
skin_sep_r.tga 0.808593750000 0.660156250000 0.816406250000 0.667968750000
W_hl_br.tga 0.855468750000 0.667968750000 0.863281250000 0.675781250000
skin_tl.tga 0.800781250000 0.675781250000 0.808593750000 0.683593750000
skin_tr.tga 0.855468750000 0.675781250000 0.863281250000 0.683593750000
W_hl_l.tga 0.800781250000 0.683593750000 0.808593750000 0.691406250000
W_hl_r.tga 0.328125000000 0.695312500000 0.335937500000 0.703125000000
W_hl_t.tga 0.691406250000 0.695312500000 0.699218750000 0.703125000000
W_hl_tl.tga 0.328125000000 0.703125000000 0.335937500000 0.710937500000
W_hl_tr.tga 0.722656250000 0.703125000000 0.730468750000 0.710937500000
r2ed_island_corner.tga 0.785156250000 0.707031250000 0.792968750000 0.714843750000
cm_br.tga 0.625000000000 0.710937500000 0.632812500000 0.718750000000
cm_l.tga 0.722656250000 0.710937500000 0.730468750000 0.718750000000
cm_link_hor.tga 0.785156250000 0.714843750000 0.792968750000 0.722656250000
cm_link_vert.tga 0.746093750000 0.722656250000 0.753906250000 0.730468750000
cm_m.tga 0.949218750000 0.742187500000 0.957031250000 0.750000000000
cm_r.tga 0.957031250000 0.742187500000 0.964843750000 0.750000000000
cm_t.tga 0.980468750000 0.742187500000 0.988281250000 0.750000000000
cm_tl.tga 0.988281250000 0.742187500000 0.996093750000 0.750000000000
cm_tr.tga 0.000000000000 0.746093750000 0.007812500000 0.753906250000
compas_l.tga 0.250000000000 0.511718750000 0.253906250000 0.527343750000
r2_icon_map_entity_small.tga 0.007812500000 0.746093750000 0.015625000000 0.753906250000
r2_icon_map_entity_small_highlight.tga 0.015625000000 0.746093750000 0.023437500000 0.753906250000
w_l0_lock.tga 0.023437500000 0.746093750000 0.031250000000 0.753906250000
W_L1_M_open.tga 0.031250000000 0.746093750000 0.046875000000 0.750000000000
compas_m.tga 0.996093750000 0.531250000000 1.000000000000 0.546875000000
W_scale_less_3.tga 0.046875000000 0.746093750000 0.054687500000 0.753906250000
r2_icon_map_invalid_small.tga 0.054687500000 0.746093750000 0.062500000000 0.753906250000
skin_bl.tga 0.289062500000 0.746093750000 0.296875000000 0.753906250000
W_arrow_down_3.tga 0.296875000000 0.746093750000 0.304687500000 0.753906250000
compas_r.tga 0.230468750000 0.601562500000 0.234375000000 0.617187500000
W_button_10_choice.tga 0.375000000000 0.746093750000 0.382812500000 0.753906250000
skin_br.tga 0.382812500000 0.746093750000 0.390625000000 0.753906250000
skin_br_open.tga 0.390625000000 0.746093750000 0.398437500000 0.753906250000
W_arrow_right_3.tga 0.398437500000 0.746093750000 0.406250000000 0.753906250000
skin_l1_m_open.tga 0.406250000000 0.746093750000 0.421875000000 0.750000000000
r2ed_triggers_border.tga 0.421875000000 0.746093750000 0.429687500000 0.753906250000
skin_l1_bl.tga 0.429687500000 0.746093750000 0.445312500000 0.750000000000
W_arrow_up_3.tga 0.445312500000 0.746093750000 0.453125000000 0.753906250000
skin_er_open.tga 0.453125000000 0.746093750000 0.460937500000 0.753906250000
w_special_bl.tga 0.460937500000 0.746093750000 0.468750000000 0.753906250000
w_special_blank.tga 0.589843750000 0.746093750000 0.597656250000 0.753906250000
w_special_br.tga 0.597656250000 0.746093750000 0.605468750000 0.753906250000
w_special_tr.tga 0.605468750000 0.746093750000 0.613281250000 0.753906250000
w_text_button_normal_l.tga 0.671875000000 0.675781250000 0.675781250000 0.691406250000
w_text_button_normal_m.tga 0.621093750000 0.742187500000 0.625000000000 0.757812500000
W_L0_BL.tga 0.671875000000 0.746093750000 0.687500000000 0.750000000000
W_L0_BL_open.tga 0.746093750000 0.746093750000 0.761718750000 0.750000000000
w_text_button_normal_r.tga 0.613281250000 0.746093750000 0.617187500000 0.761718750000
W_quantity.tga 0.886718750000 0.746093750000 0.892578125000 0.753906250000
Numbers_sep.tga 0.964843750000 0.746093750000 0.969726562500 0.753906250000
Numbers_0.tga 0.031250000000 0.750000000000 0.036132812500 0.757812500000
Numbers_1.tga 0.039062500000 0.750000000000 0.043945312500 0.757812500000
Numbers_2.tga 0.277343750000 0.750000000000 0.282226562500 0.757812500000
Numbers_3.tga 0.406250000000 0.750000000000 0.411132812500 0.757812500000
Numbers_4.tga 0.414062500000 0.750000000000 0.418945312500 0.757812500000
Numbers_5.tga 0.429687500000 0.750000000000 0.434570312500 0.757812500000
Numbers_6.tga 0.437500000000 0.750000000000 0.442382812500 0.757812500000
Numbers_7.tga 0.625000000000 0.750000000000 0.629882812500 0.757812500000
Numbers_8.tga 0.632812500000 0.750000000000 0.637695312500 0.757812500000
Numbers_9.tga 0.640625000000 0.750000000000 0.645507812500 0.757812500000
r2ed_island_corner_select.tga 0.648437500000 0.750000000000 0.654296875000 0.755859375000
r2ed_island_border_select.tga 0.656250000000 0.750000000000 0.662109375000 0.755859375000
typo_m.tga 0.664062500000 0.750000000000 0.669921875000 0.755859375000
typo_q.tga 0.671875000000 0.750000000000 0.677734375000 0.755859375000
typo_v.tga 0.679687500000 0.750000000000 0.685546875000 0.755859375000
typo_w.tga 0.691406250000 0.750000000000 0.697265625000 0.755859375000
typo_y.tga 0.699218750000 0.750000000000 0.705078125000 0.755859375000
W_scroll_L123_M.tga 0.984375000000 0.390625000000 0.992187500000 0.394531250000
skin_scroll_t.tga 0.546875000000 0.453125000000 0.554687500000 0.457031250000
W_scroll_L123_T.tga 0.457031250000 0.582031250000 0.464843750000 0.585937500000
skin_sep_m.tga 0.882812500000 0.636718750000 0.890625000000 0.640625000000
Skin_scroll_R.tga 0.988281250000 0.117187500000 0.992187500000 0.125000000000
w_scroll_m.tga 0.996093750000 0.304687500000 1.000000000000 0.312500000000
w_scroll_r.tga 0.125000000000 0.492187500000 0.128906250000 0.500000000000
w_special_b.tga 0.156250000000 0.500000000000 0.160156250000 0.507812500000
w_special_l.tga 0.691406250000 0.644531250000 0.699218750000 0.648437500000
w_special_r.tga 0.738281250000 0.648437500000 0.746093750000 0.652343750000
w_special_t.tga 0.152343750000 0.562500000000 0.156250000000 0.570312500000
Skin_scroll_L.tga 0.527343750000 0.597656250000 0.531250000000 0.605468750000
skin_scroll_b.tga 0.855468750000 0.683593750000 0.863281250000 0.687500000000
w_scroll_l.tga 0.250000000000 0.710937500000 0.253906250000 0.718750000000
W_scroll_L0_B.tga 0.730468750000 0.687500000000 0.738281250000 0.691406250000
W_scroll_L0_M.tga 0.484375000000 0.707031250000 0.492187500000 0.710937500000
W_scroll_L0_T.tga 0.656250000000 0.718750000000 0.664062500000 0.722656250000
W_scroll_L123_B.tga 0.722656250000 0.718750000000 0.730468750000 0.722656250000
W_L0_EM_open.tga 0.246093750000 0.726562500000 0.250000000000 0.734375000000
W_L0_ER_open.tga 0.898437500000 0.730468750000 0.902343750000 0.738281250000
typo_6.tga 0.707031250000 0.750000000000 0.711914062500 0.755859375000
typo_question.tga 0.714843750000 0.750000000000 0.719726562500 0.755859375000
typo_r.tga 0.722656250000 0.750000000000 0.727539062500 0.755859375000
typo_u.tga 0.730468750000 0.750000000000 0.735351562500 0.755859375000
typo_7.tga 0.746093750000 0.750000000000 0.750976562500 0.755859375000
typo_8.tga 0.753906250000 0.750000000000 0.758789062500 0.755859375000
typo_x.tga 0.769531250000 0.750000000000 0.774414062500 0.755859375000
typo_9.tga 0.777343750000 0.750000000000 0.782226562500 0.755859375000
typo_a.tga 0.785156250000 0.750000000000 0.790039062500 0.755859375000
typo_0.tga 0.792968750000 0.750000000000 0.797851562500 0.755859375000
typo_2.tga 0.800781250000 0.750000000000 0.805664062500 0.755859375000
typo_b.tga 0.808593750000 0.750000000000 0.813476562500 0.755859375000
typo_3.tga 0.816406250000 0.750000000000 0.821289062500 0.755859375000
typo_4.tga 0.824218750000 0.750000000000 0.829101562500 0.755859375000
typo_d.tga 0.832031250000 0.750000000000 0.836914062500 0.755859375000
typo_g.tga 0.839843750000 0.750000000000 0.844726562500 0.755859375000
typo_h.tga 0.847656250000 0.750000000000 0.852539062500 0.755859375000
typo_k.tga 0.855468750000 0.750000000000 0.860351562500 0.755859375000
typo_5.tga 0.863281250000 0.750000000000 0.868164062500 0.755859375000
typo_n.tga 0.871093750000 0.750000000000 0.875976562500 0.755859375000
typo_o.tga 0.878906250000 0.750000000000 0.883789062500 0.755859375000
typo_p.tga 0.894531250000 0.750000000000 0.899414062500 0.755859375000
infos_top.tga 0.066406250000 0.722656250000 0.073242187500 0.726562500000
infos_bot.tga 0.648437500000 0.734375000000 0.655273437500 0.738281250000
infos_mid.tga 0.902343750000 0.750000000000 0.909179687500 0.753906250000
w_radar_point.tga 0.910156250000 0.750000000000 0.915039062500 0.754882812500
bulle_tr.tga 0.917968750000 0.750000000000 0.922851562500 0.754882812500
bulle_bl.tga 0.925781250000 0.750000000000 0.930664062500 0.754882812500
bulle_br.tga 0.933593750000 0.750000000000 0.938476562500 0.754882812500
bulle_tl.tga 0.949218750000 0.750000000000 0.954101562500 0.754882812500
typo_l.tga 0.062500000000 0.734375000000 0.066406250000 0.740234375000
typo_s.tga 0.617187500000 0.746093750000 0.621093750000 0.751953125000
typo_t.tga 0.972656250000 0.746093750000 0.976562500000 0.751953125000
typo_f.tga 0.285156250000 0.750000000000 0.289062500000 0.755859375000
typo_c.tga 0.941406250000 0.750000000000 0.945312500000 0.755859375000
typo_1.tga 0.957031250000 0.750000000000 0.960937500000 0.755859375000
typo_i.tga 0.960937500000 0.750000000000 0.964843750000 0.755859375000
typo_j.tga 0.980468750000 0.750000000000 0.984375000000 0.755859375000
typo_z.tga 0.984375000000 0.750000000000 0.988281250000 0.755859375000
typo_e.tga 0.988281250000 0.750000000000 0.992187500000 0.755859375000
W_L1_L.tga 0.121093750000 0.238281250000 0.125000000000 0.242187500000
W_L1_R.tga 0.351562500000 0.457031250000 0.355468750000 0.460937500000
W_L1_T.tga 0.347656250000 0.496093750000 0.351562500000 0.500000000000
W_L1_TL.tga 0.156250000000 0.507812500000 0.160156250000 0.511718750000
W_L1_TR.tga 0.343750000000 0.527343750000 0.347656250000 0.531250000000
W_L2_B.tga 0.996093750000 0.546875000000 1.000000000000 0.550781250000
W_box_bot.tga 0.152343750000 0.570312500000 0.156250000000 0.574218750000
w_l2_blank.tga 0.230468750000 0.617187500000 0.234375000000 0.621093750000
W_box_bot_left.tga 0.132812500000 0.621093750000 0.136718750000 0.625000000000
W_L2_BR.tga 0.761718750000 0.625000000000 0.765625000000 0.628906250000
W_L2_BR_open.tga 0.964843750000 0.710937500000 0.968750000000 0.714843750000
W_L2_B_open.tga 0.074218750000 0.722656250000 0.078125000000 0.726562500000
r2ed_dismatch_filter.tga 0.671875000000 0.722656250000 0.675781250000 0.726562500000
W_L2_L.tga 0.894531250000 0.746093750000 0.898437500000 0.750000000000
W_box_bot_right.tga 0.992187500000 0.750000000000 0.996093750000 0.753906250000
W_L2_R.tga 0.996093750000 0.750000000000 1.000000000000 0.753906250000
W_L2_T.tga 0.000000000000 0.753906250000 0.003906250000 0.757812500000
W_L2_TL.tga 0.003906250000 0.753906250000 0.007812500000 0.757812500000
W_L2_TR.tga 0.007812500000 0.753906250000 0.011718750000 0.757812500000
W_box_left.tga 0.011718750000 0.753906250000 0.015625000000 0.757812500000
W_box_right.tga 0.015625000000 0.753906250000 0.019531250000 0.757812500000
W_box_top.tga 0.019531250000 0.753906250000 0.023437500000 0.757812500000
W_box_top_left.tga 0.023437500000 0.753906250000 0.027343750000 0.757812500000
W_box_top_right.tga 0.027343750000 0.753906250000 0.031250000000 0.757812500000
alpha_50.tga 0.046875000000 0.753906250000 0.050781250000 0.757812500000
skin_l1_l.tga 0.050781250000 0.753906250000 0.054687500000 0.757812500000
fame_bar_3d.tga 0.054687500000 0.753906250000 0.055664062500 0.769531250000
skin_l1_r.tga 0.058593750000 0.753906250000 0.062500000000 0.757812500000
blank.tga 0.062500000000 0.753906250000 0.066406250000 0.757812500000
blank2.tga 0.066406250000 0.753906250000 0.070312500000 0.757812500000
skin_l1_t.tga 0.070312500000 0.753906250000 0.074218750000 0.757812500000
skin_l1_tl.tga 0.074218750000 0.753906250000 0.078125000000 0.757812500000
alpha_60.tga 0.078125000000 0.753906250000 0.082031250000 0.757812500000
skin_l2_r.tga 0.082031250000 0.753906250000 0.085937500000 0.757812500000
skin_l3_r.tga 0.085937500000 0.753906250000 0.089843750000 0.757812500000
skin_modal_b.tga 0.089843750000 0.753906250000 0.093750000000 0.757812500000
w_hl_bl_l123.tga 0.093750000000 0.753906250000 0.097656250000 0.757812500000
skin_modal_bl.tga 0.097656250000 0.753906250000 0.101562500000 0.757812500000
w_hl_br_l123.tga 0.101562500000 0.753906250000 0.105468750000 0.757812500000
w_hl_b_l123.tga 0.105468750000 0.753906250000 0.109375000000 0.757812500000
skin_modal_br.tga 0.109375000000 0.753906250000 0.113281250000 0.757812500000
w_hl_l_l123.tga 0.113281250000 0.753906250000 0.117187500000 0.757812500000
skin_modal_l.tga 0.117187500000 0.753906250000 0.121093750000 0.757812500000
w_hl_r_l123.tga 0.121093750000 0.753906250000 0.125000000000 0.757812500000
skin_modal_r.tga 0.125000000000 0.753906250000 0.128906250000 0.757812500000
skin_modal_t.tga 0.128906250000 0.753906250000 0.132812500000 0.757812500000
w_hl_tl_l123.tga 0.132812500000 0.753906250000 0.136718750000 0.757812500000
skin_modal_tl.tga 0.136718750000 0.753906250000 0.140625000000 0.757812500000
w_hl_tr_l123.tga 0.140625000000 0.753906250000 0.144531250000 0.757812500000
skin_modal_tr.tga 0.144531250000 0.753906250000 0.148437500000 0.757812500000
alpha_70.tga 0.148437500000 0.753906250000 0.152343750000 0.757812500000
alpha_80.tga 0.152343750000 0.753906250000 0.156250000000 0.757812500000
W_L3_BL.tga 0.156250000000 0.753906250000 0.160156250000 0.757812500000
w_l3_blank.tga 0.160156250000 0.753906250000 0.164062500000 0.757812500000
W_L3_BR.tga 0.164062500000 0.753906250000 0.167968750000 0.757812500000
W_L3_L.tga 0.167968750000 0.753906250000 0.171875000000 0.757812500000
W_L3_R.tga 0.289062500000 0.753906250000 0.292968750000 0.757812500000
W_L3_T.tga 0.292968750000 0.753906250000 0.296875000000 0.757812500000
W_L3_TL.tga 0.296875000000 0.753906250000 0.300781250000 0.757812500000
W_L3_TR.tga 0.300781250000 0.753906250000 0.304687500000 0.757812500000
grey_0.tga 0.316406250000 0.753906250000 0.320312500000 0.757812500000
r2ed_triggers_gray.tga 0.320312500000 0.753906250000 0.324218750000 0.757812500000
W_modal_B.tga 0.324218750000 0.753906250000 0.328125000000 0.757812500000
W_modal_BL.tga 0.328125000000 0.753906250000 0.332031250000 0.757812500000
W_modal_blank.tga 0.332031250000 0.753906250000 0.335937500000 0.757812500000
W_modal_BR.tga 0.335937500000 0.753906250000 0.339843750000 0.757812500000
W_modal_L.tga 0.339843750000 0.753906250000 0.343750000000 0.757812500000
W_modal_R.tga 0.343750000000 0.753906250000 0.347656250000 0.757812500000
W_modal_T.tga 0.347656250000 0.753906250000 0.351562500000 0.757812500000
W_modal_TL.tga 0.351562500000 0.753906250000 0.355468750000 0.757812500000
W_modal_TR.tga 0.355468750000 0.753906250000 0.359375000000 0.757812500000
grey_10.tga 0.359375000000 0.753906250000 0.363281250000 0.757812500000
grey_100.tga 0.363281250000 0.753906250000 0.367187500000 0.757812500000
grey_20.tga 0.367187500000 0.753906250000 0.371093750000 0.757812500000
grey_30.tga 0.371093750000 0.753906250000 0.375000000000 0.757812500000
grey_40.tga 0.375000000000 0.753906250000 0.378906250000 0.757812500000
grey_50.tga 0.378906250000 0.753906250000 0.382812500000 0.757812500000
grey_60.tga 0.382812500000 0.753906250000 0.386718750000 0.757812500000
grey_70.tga 0.386718750000 0.753906250000 0.390625000000 0.757812500000
w_hl_t_l123.tga 0.390625000000 0.753906250000 0.394531250000 0.757812500000
grey_80.tga 0.394531250000 0.753906250000 0.398437500000 0.757812500000
grey_90.tga 0.398437500000 0.753906250000 0.402343750000 0.757812500000
W_L3_B.tga 0.402343750000 0.753906250000 0.406250000000 0.757812500000
r2ed_triggers_blank.tga 0.421875000000 0.753906250000 0.425781250000 0.757812500000
alpha_10.tga 0.425781250000 0.753906250000 0.429687500000 0.757812500000
skin_l1_b.tga 0.445312500000 0.753906250000 0.449218750000 0.757812500000
alpha_20.tga 0.449218750000 0.753906250000 0.453125000000 0.757812500000
w_l0_l_over.tga 0.453125000000 0.753906250000 0.457031250000 0.757812500000
r2ed_triggers_little_border.tga 0.457031250000 0.753906250000 0.460937500000 0.757812500000
r2ed_little_island_border_select.tga 0.460937500000 0.753906250000 0.464843750000 0.757812500000
r2ed_triggers_little_corner.tga 0.464843750000 0.753906250000 0.468750000000 0.757812500000
W_L0_R.tga 0.468750000000 0.753906250000 0.472656250000 0.757812500000
w_l0_r_over.tga 0.472656250000 0.753906250000 0.476562500000 0.757812500000
W_L0_T.tga 0.476562500000 0.753906250000 0.480468750000 0.757812500000
W_L0_TL.tga 0.484375000000 0.753906250000 0.488281250000 0.757812500000
w_l0_tl_over.tga 0.488281250000 0.753906250000 0.492187500000 0.757812500000
r2ed_little_island_corner_select.tga 0.492187500000 0.753906250000 0.496093750000 0.757812500000
W_L0_TR.tga 0.496093750000 0.753906250000 0.500000000000 0.757812500000
w_l0_tr_over.tga 0.500000000000 0.753906250000 0.503906250000 0.757812500000
alpha_30.tga 0.503906250000 0.753906250000 0.507812500000 0.757812500000
w_l0_t_over.tga 0.507812500000 0.753906250000 0.511718750000 0.757812500000
alpha_40.tga 0.511718750000 0.753906250000 0.515625000000 0.757812500000
W_L123_blank.tga 0.515625000000 0.753906250000 0.519531250000 0.757812500000
W_L1_B.tga 0.589843750000 0.753906250000 0.593750000000 0.757812500000
r2ed_tool_bg.tga 0.593750000000 0.753906250000 0.597656250000 0.757812500000
w_l1_blank.tga 0.597656250000 0.753906250000 0.601562500000 0.757812500000
W_L0_B.tga 0.601562500000 0.753906250000 0.605468750000 0.757812500000
skin_l1_b_open.tga 0.605468750000 0.753906250000 0.609375000000 0.757812500000
W_L0_blank.tga 0.609375000000 0.753906250000 0.613281250000 0.757812500000
W_L1_BR.tga 0.617187500000 0.753906250000 0.621093750000 0.757812500000
w_l0_bl_over.tga 0.886718750000 0.753906250000 0.890625000000 0.757812500000
W_L0_BR.tga 0.890625000000 0.753906250000 0.894531250000 0.757812500000
W_L0_BR_open.tga 0.902343750000 0.753906250000 0.906250000000 0.757812500000
w_l0_br_over.tga 0.906250000000 0.753906250000 0.910156250000 0.757812500000
W_L0_B_open.tga 0.964843750000 0.753906250000 0.968750000000 0.757812500000
w_l0_b_over.tga 0.968750000000 0.753906250000 0.972656250000 0.757812500000
W_L1_BR_open.tga 0.972656250000 0.753906250000 0.976562500000 0.757812500000
W_L1_B_open.tga 0.992187500000 0.753906250000 0.996093750000 0.757812500000
W_box_blank.tga 0.996093750000 0.753906250000 1.000000000000 0.757812500000
W_L0_L.tga 0.000000000000 0.757812500000 0.003906250000 0.761718750000
w_jauge_fill_tmin.tga 0.003906250000 0.757812500000 0.004882812500 0.767578125000
bulle_l.tga 0.007812500000 0.757812500000 0.012695312500 0.759765625000
bulle_t.tga 0.015625000000 0.757812500000 0.017578125000 0.762695312500
bulle_r.tga 0.019531250000 0.757812500000 0.024414062500 0.759765625000
bulle_b.tga 0.027343750000 0.757812500000 0.029296875000 0.762695312500
w_line_hor3.tga 0.031250000000 0.757812500000 0.033203125000 0.761718750000
r2_map_zone_edge.tga 0.035156250000 0.757812500000 0.037109375000 0.760742187500
w_l1_r_spe.tga 0.039062500000 0.757812500000 0.042968750000 0.758789062500
bulle_m.tga 0.042968750000 0.757812500000 0.044921875000 0.759765625000
w_l1_spe_blank.tga 0.046875000000 0.757812500000 0.050781250000 0.758789062500
skin_l1_spe_blank.tga 0.050781250000 0.757812500000 0.054687500000 0.758789062500
text_cursor.tga 0.058593750000 0.757812500000 0.060546875000 0.759765625000
jauge_fill.tga 0.062500000000 0.757812500000 0.063476562500 0.761718750000
W_jauge_fill.tga 0.066406250000 0.757812500000 0.067382812500 0.761718750000
W_line_hor.tga 0.070312500000 0.757812500000 0.072265625000 0.759765625000
w_line_hor2.tga 0.074218750000 0.757812500000 0.076171875000 0.759765625000
skin_l1_r_spe.tga 0.078125000000 0.757812500000 0.082031250000 0.758789062500
W_line_ver.tga 0.082031250000 0.757812500000 0.083984375000 0.759765625000
W_jauge_fill_mini.tga 0.085937500000 0.757812500000 0.086914062500 0.759765625000
w_jauge_fill_umin.tga 0.089843750000 0.757812500000 0.090820312500 0.759765625000
no_bord.tga 0.093750000000 0.757812500000 0.094726562500 0.758789062500
r2ed_tool_draw_road_base.psd 0.000000000000 0.000000000000 0.000000000000 0.000000000000
r2_icon_components_chest.tga 0.000000000000 0.000000000000 0.000000000000 0.000000000000
r2_instance_link.shape 0.000000000000 0.000000000000 0.000000000000 0.000000000000
instance_link.shape 0.000000000000 0.000000000000 0.000000000000 0.000000000000
r2ed_tool_draw_region.psd 0.000000000000 0.000000000000 0.000000000000 0.000000000000
r2ed_tool_draw_road_over.psd 0.000000000000 0.000000000000 0.000000000000 0.000000000000
r2_region_vertex.shape 0.000000000000 0.000000000000 0.000000000000 0.000000000000
r2_road_flag.shape 0.000000000000 0.000000000000 0.000000000000 0.000000000000
r2_entity_count_too_high.shape 0.000000000000 0.000000000000 0.000000000000 0.000000000000
r2_entity_place_holder.shape 0.000000000000 0.000000000000 0.000000000000 0.000000000000
r2ed_tool_draw_road.psd 0.000000000000 0.000000000000 0.000000000000 0.000000000000
r2ed_tool_draw_region_over.psd 0.000000000000 0.000000000000 0.000000000000 0.000000000000
r2ed_tool_split_road_over.psd 0.000000000000 0.000000000000 0.000000000000 0.000000000000
road_flag.max 0.000000000000 0.000000000000 0.000000000000 0.000000000000
road_flag.shape 0.000000000000 0.000000000000 0.000000000000 0.000000000000
